1, 0.09857473614483499;
2, 0.4304200468555471;
3, 0.6407928149230869;
4, 0.689108959528418;
5, 0.6260440824863281;
6, 0.543090718329722;
7, 0.42902258854226416;
8, 0.25630209744678517;
9, 0.14621604736052207;
10, 0.15268321050731012;
11, 0.20350362316791745;
12, 0.17632803725935675;
13, 0.008691995740253429;
14, -0.15460276773900772;
15, -0.21953597598267263;
16, -0.25582474411529443;
17, -0.26681434768736473;
18, -0.19603788200660197;
19, -0.08941823070093313;
20, -0.038702277372752;
21, -0.03759292610362416;
22, 0.04025760733086607;
23, 0.11150802862038475;
24, 0.14485506408995272;
25, 0.18675225338505153;
26, 0.2330837102230275;
27, 0.20854501942727938;
28, 0.1274793653564596;
29, 0.12130887329134252;
30, 0.03310667347228842;
31, 0.03358175032260846;
32, 0.01630830313029344;
33, 0.0515001237285903;
34, 0.07300204970035062;
35, 0.011926470282640645;
36, 0.012029306728916852;
37, 0.011804971686395535;
38, -0.009275311256415354;
39, -0.004098208688241385;
40, 0.012817199568058338;
41, 0.03005369505122759;
42, 0.01096213731677527;
43, -0.017251300589911134;
44, -0.06905160621843624;
45, -0.08347945264122986;
46, -0.01740770893124066;
47, 0.0030528544322814327;
48, 0.07781488891538578;
49, 0.12146889999576413;
50, 0.09414701149054044;
51, -0.002439752537268706;
52, -0.13372975975977122;
53, -0.08190842391354312;
54, -0.039061537462946036;
55, -0.0014620670830640522;
56, -0.01653628775859891;
57, 0.012688954788813354;
58, 0.04625750068802671;
59, -0.0033575650102415635;
60, -0.039658695733096494;
61, -0.0550449261581598;
62, -0.08680049938267534;
63, -0.06998748906728765;
64, 0.004509452132299982;
65, 0.08423006419836485;
66, 0.10689362002101703;
67, 0.1014403409462467;
68, 0.09278801259551152;
69, 0.09668688729152826;
70, 0.012824767948616051;
71, -0.141460526069751;
72, -0.14615415704646376;
73, -0.04278865959907496;
74, 0.05497280867785463;
75, 0.06495145617258571;
76, 0.004678349897376215;
77, 0.008071212299770177;
78, 0.004213943228611615;
79, 0.03040526117625803;
80, 0.02460376790591035;
81, 0.0767875041513171;
82, 0.08305232968290338;
83, 0.029740961629080735;
84, -0.036866221414888205;
85, -0.11005645791255697;
86, -0.06317860673871037;
87, 0.005796945164869518;
88, 0.03626870789988575;
89, 0.03364760938774764;
90, 0.013201892275537206;
91, -0.012861367882097841;
92, -0.06618650791847366;
93, -0.01567741810816921;
94, 0.023660769058617446;
95, -0.013691464087191242;
96, 0.014699587919440876;
97, 0.05621170428405517;
98, 0.09388841127806656;
99, 0.09504046617005703;
100, 0.04647175773938551;
101, 0.048852723914490206;
102, 0.05224111800273018;
103, 0.006475968639789318;
104, -0.0060339149901150685;
105, -0.010982649931627508;
106, 0.010803123615251924;
107, -0.04217599058934184;
108, -0.044719672089574156;
109, 0.022200697452495456;
110, 0.06037488253763054;
111, 0.04815610402415748;
112, 0.019088497216791882;
113, -0.0026500888511086606;
114, -0.04109722090633994;
115, -0.07838299342980891;
116, -0.08207608283158178;
117, 0.1410547837171163;
118, 0.1794295468452956;
119, 0.09632473181702295;
120, 0.028464344847834305;
121, -0.036239552150031;
122, -0.04187107324777645;
123, 0.013826946286458001;
124, 0.029070539658907355;
125, 0.02680080258970722;
126, -0.023997240746626153;
127, -0.035304989674135354;
128, -0.038726951625538346;
129, -0.01973558126539951;
130, 0.026759606675952757;
131, -0.055328897236371986;
132, -0.0885804217970609;
133, -0.06642409872837261;
134, 0.018331518311987476;
135, 0.07135637237278826;
136, 0.06271612304085847;
137, 0.03831595137155909;
138, 0.033664316997192974;
139, 0.015252154634614885;
140, -0.011939130043518535;
141, 0.13403403530155517;
142, -0.011068711466211028;
143, -0.10104973119170181;
144, -0.14914241845907758;
145, -0.10100690753493412;
146, -0.00933428467719674;
147, 0.04453404277765534;
148, 0.06436378543779887;
149, -0.09812806431208482;
150, -0.12767957219638698;
151, -0.10496758928449697;
152, -0.04248338978800798;
153, 0.0188451593500393;
154, 0.014740250965917344;
155, -0.01205641565784703;
156, -0.0739445906148265;
157, -0.13326675498988055;
158, -0.18479663741320138;
159, -0.034871373089695956;
160, 0.025236559593763634;
161, -0.06820086418167111;
162, -0.11512340821078398;
163, -0.030424989060782916;
164, 0.12903670466826775;
165, 0.1793472854592558;
166, 0.004897122721380942;
167, -0.2312186053662996;
168, -0.14724583419036733;
169, 0.07250410326884586;
170, 0.1729957364720141;
171, 0.17830621683000936;
172, 0.14288480814470983;
173, -0.009172089036432683;
174, -0.049200690410043796;
175, -0.04312051934854616;
176, -0.007311255443979917;
177, 0.05242802744502386;
178, 0.09456730361767965;
179, 0.08970339101679438;
180, 0.030563511656419667;
181, -0.021475500472867674;
182, -0.05588862921245721;
183, 0.04018040124559114;
184, 0.10831314237002922;
185, 0.02171927337579643;
186, -0.012942094499363038;
187, -0.08989793614189312;
188, -0.13118113466662787;
189, -0.06128954783262653;
190, -0.01657231943908503;
191, 0.10554926109938081;
192, 0.10499947112228822;
193, 0.056995893418079584;
194, -0.03325795365990488;
195, -0.12400877579675194;
196, -0.15649908141105337;
197, -0.11452230200468069;
198, -0.11528292147538045;
199, 0.0368913216839619;
200, 0.07685026176237734;
201, 0.04272846502411484;
202, 0.018573946557644428;
203, 0.003259344665528472;
204, -0.047321042717187387;
205, -0.1603926621261703;
206, -0.16993487883115008;
207, 0.13206549313518812;
208, 0.09327320629189977;
209, 0.0051576651934528515;
210, -0.08539431675539058;
211, -0.11395696312693733;
212, -0.0704933591242021;
213, 3.540068791916681e-05;
214, -0.011221438999064326;
215, 0.016811191073196435;
216, -0.005544425745135618;
217, -0.07328347439456512;
218, -0.1931611272349333;
219, -0.20185861053677742;
220, -0.07403309653928028;
221, 0.08715814491277056;
222, 0.045090385357056985;
223, -0.09382373173685002;
224, -0.3849760291250822;
225, 0.09185684784235065;
226, -0.049837220494894245;
227, -0.1403844047648742;
228, -0.1852043225111204;
229, -0.3110140648167129;
230, -0.20543349776475012;
231, 0.17795727202343756;
232, 0.109427743908288;
233, -0.23700429509759674;
234, -0.3191874093175937;
235, -0.200506105961699;
236, -0.07656250926923672;
237, 0.04390338602810202;
238, 0.015662902331707175;
239, 0.055729615510933854;
240, 0.04880671554313139;
241, -0.01356003528719274;
242, -0.06548812984365862;
243, -0.03560407531065971;
244, 0.07537906516415209;
245, -0.01236881811945795;
246, -0.030103487612865264;
247, -0.0007310076613894881;
248, -0.033768451613621686;
249, -0.07953426428530963;
250, 0.003881503430905518;
251, 0.04492727523833408;
252, -0.07171583853274995;
253, -0.1797029882440667;
254, 0.09874029273494095;
255, -0.11346300626164152;
256, -0.24534132282705934;
257, -0.18581432371527554;
258, -0.008313206203088556;
259, 0.17637466314618094;
260, 0.023633680944815313;
261, -0.06351520539900016;
262, -0.10351293793771828;
263, -0.13290737486578144;
264, -0.1313975911831836;
265, -0.09247817941453913;
266, -0.030144099315359215;
267, -0.005869328384976071;
268, 0.005667134394157832;
269, -0.1464047156811357;
270, -0.10506082718139333;
271, -0.05923569139477282;
272, -0.02246736075173696;
273, -0.05358861653951341;
274, -0.0922536951969335;
275, -0.17307123294143884;
276, -0.2055208866106654;
277, -0.09578313606200464;
278, 0.25016847591181446;
279, 0.05014894091414284;
280, -0.1868586048126172;
281, -0.1769354920795142;
282, 0.0009449826677632539;
283, -0.006270997910889673;
284, -0.09053947226503875;
285, -0.042789961238415476;
286, -0.022797256940795773;
287, 0.017640904973771375;
288, 0.0015497313131233935;
289, -0.026382691194149675;
290, -0.06079920308588436;
291, -0.06337394006332447;
292, -0.05720736818065616;
293, -0.06054754402477639;
294, 0.009849783812345515;
295, 0.034453662732272114;
296, -0.015204739854437727;
297, -0.0013478936079135508;
298, 0.009717715987915987;
299, -0.04484353181517735;
300, -0.10525794644399383;
301, -0.10069899628411803;
302, -0.09107347743669608;
303, 0.03715554475635875;
304, 0.028616989814013016;
305, -0.054152217354064884;
306, -0.07034840257248617;
307, -0.043967427238725126;
308, 0.010583833812850281;
309, 0.06393167795014285;
310, -0.019526623051803756;
311, -0.03654639211559029;
312, -0.05889414983540958;
313, -0.07303464341552106;
314, -0.0741296717950401;
315, -0.004746447490769272;
316, 0.09259495228288009;
317, -0.031170057549319105;
318, 0.0035205486423696996;
319, -0.020343568258997365;
320, -0.04265534772382586;
321, -0.05403675236960285;
322, -0.014645463035819123;
323, 0.012780475437645872;
324, 0.025418851546819;
325, 0.03745988274352685;
326, 0.007748780415628844;
327, 0.04000252903805765;
328, -0.09249794684780732;
329, -0.1354339359231955;
330, -0.07484917167412154;
331, -0.033053986220177085;
332, 0.03727345066150304;
333, 0.12976808582243815;
334, 0.05976500622424366;
335, 0.03884777997466036;
336, -0.016698062239938825;
337, -0.09925815230561022;
338, -0.1386460293460695;
339, -0.05690739165665141;
340, 0.07585052087602964;
341, 0.05205270015749073;
342, -0.03613635560203959;
343, -0.055947106539353475;
344, -0.0381844393110484;
345, -0.14994076881854965;
346, -0.11397052765204765;
347, -0.04342225128168284;
348, -0.033259112368699474;
349, -0.09372993876987243;
350, 0.06830579324215359;
351, -0.0025893369857869796;
352, -0.053093750746959545;
353, -0.0016032045444697692;
354, 0.0136824074249782;
355, -0.016611193772224704;
356, 0.004789100949173308;
357, -0.14315930417663525;
358, -0.23507037542754708;
359, -0.14819178462281724;
360, 0.06452384405875014;
361, 0.10757956868903792;
362, 0.1265794579872486;
363, 0.1272457016673854;
364, 0.10018080367140005;
365, -0.1386275455123642;
366, -0.2536588120896623;
367, -0.15740191677494292;
368, 0.04006514233089677;
369, 0.207211310912827;
370, -0.15872973460815817;
371, -0.12752667814250931;
372, -0.17904493184762812;
373, -0.24230811461461707;
374, 0.03605700555857587;
375, 0.028197578166790166;
376, -0.006499335008696734;
377, -0.019924177426902563;
378, 0.0680466976296322;
379, 0.08285436046924098;
380, -0.04499156623049375;
381, -0.14368905612379507;
382, -0.2408519853937471;
383, -0.1787762085445476;
384, -0.058415270061195436;
385, 0.07065311523195911;
386, 0.12649364415268882;
387, 0.13197657784654943;
388, 0.12101989686867275;
389, -0.07083892494165434;
390, -0.08080910067927048;
391, -0.04782990321416453;
392, -0.011868246206468933;
393, -0.08664847956417562;
394, -0.22361431871270646;
395, 0.11238084856963124;
396, 0.2515594260283948;
397, -0.08684150518492698;
398, -0.2602865153806971;
399, -0.04771702555011868;
400, 0.081947299634358;
401, 0.041953164643603894;
402, -0.02096481657067366;
403, 0.0597607252462421;
404, 0.05186283427317684;
405, -0.12222914479415903;
406, -0.13789655290725067;
407, -0.006762921832012966;
408, 0.06100623590013582;
409, 0.26702381725927277;
410, -0.009993157026654709;
411, -0.14758253276327174;
412, 0.0014777719584076275;
413, 0.17205011214323693;
414, -0.06442859056362128;
415, 0.04833459374715635;
416, -0.13552020075219628;
417, -0.08326961533539294;
418, 0.31052008713628904;
419, 0.3027056995185704;
420, -0.08171671658423471;
421, -0.1348744322196812;
422, -0.030982219058476947;
423, 0.0891672210718202;
424, 0.056364348556396285;
425, -0.11774140318733037;
426, -0.2476347822038565;
427, -0.015562799605581077;
428, 0.17445777718924932;
429, 0.11983811103545583;
430, -0.02363802367436342;
431, -0.04617072935757681;
432, -0.03415773613834761;
433, -0.10609557495008966;
434, -0.16837720647729318;
435, -0.041123647099070196;
436, 0.21934870921401417;
437, 0.21628894089818454;
438, -0.08163919688436388;
439, -0.09399577570853047;
440, -0.05183099059645368;
441, -0.018930931554342972;
442, 0.06283324352183779;
443, 0.10447173130417288;
444, -0.01038183097429127;
445, -0.07616011121384147;
446, -0.06984985944064408;
447, -0.0012244667675899714;
448, 0.03485172915952087;
449, 0.025000495226588107;
450, 0.04869596240982149;
451, 0.01582069557288939;
452, -0.04890911209636822;
453, -0.05017131370760484;
454, 0.0010041636847550246;
455, 0.07240577954233014;
456, 0.054709736682038754;
457, -0.026254159166137648;
458, -0.06840297907500277;
459, -0.053956562088803645;
460, 0.02359116743345551;
461, -0.014785246334377895;
462, 0.026803531452994113;
463, -0.04043304486225572;
464, 0.015303187777884128;
465, 0.025748706799459318;
466, 0.01696156094587966;
467, 0.042632022985174524;
468, 0.030389339684815247;
469, 0.0012041196330057021;
470, -0.04537524454739915;
471, -0.17100723953622646;
472, -0.10335268226688817;
473, 0.3358211181199887;
474, 0.3381760515082833;
475, 0.015504415946761007;
476, -0.31751966656662683;
477, -0.30660149357563626;
478, -0.12566235038389514;
479, 0.0434375850926771;
480, 0.09027299005741124;
481, 0.0617743460415819;
482, 0.026053355625872913;
483, 0.009957973909555285;
484, 0.04996991346700277;
485, -0.08848970253065816;
486, -0.10657184589492197;
487, -0.06828705962691173;
488, -0.003001448975755198;
489, 0.021055138268130696;
490, -0.002289795914260961;
491, -0.04196073302416161;
492, -0.09147554245004255;
493, -0.0912996962483056;
494, -0.008520151593802212;
495, 0.10401962672300258;
496, 0.1337110400212814;
497, 0.035828143225704434;
498, -0.019487830591501065;
499, -0.04969702436296255;
500, 0.009151615276486131;
501, 0.06315681052429527;
502, -0.0388416256351346;
503, 0.10045472381811615;
504, 0.2351369283302878;
505, 0.19263249236631197;
506, -0.11059774837903057;
507, -0.09853364014369514;
508, -0.009769990406654402;
509, -0.023349565548382006;
510, -0.004390388350966233;
511, 0.041663053796455594;
512, 0.0652215491110917;
513, 0.04195428172214239;
514, -0.025261285884370092;
515, -0.033475485624743;
516, 0.062379816486198926;
517, 0.09081773583514058;
518, 0.03511359457174765;
519, 0.042757331443689754;
520, 0.040416997786207054;
521, -0.017909604686373436;
522, 0.020938266181012723;
523, 0.10765081193396513;
524, 0.11775797202925539;
525, 0.10399988010486245;
526, -0.08485324415392384;
527, -0.13412275631566545;
528, -0.09298259241249034;
529, -0.05344592189837854;
530, -0.050492484194986545;
531, 0.024509414318150697;
532, 0.11897625372031385;
533, 0.130494755819294;
534, 0.0427314422812631;
535, 0.007345229202139837;
536, 0.044249000414186355;
537, 0.010011870520606127;
538, -0.10832972508870628;
539, -0.0844221559137045;
540, 0.0801978783209366;
541, 0.1706800118465832;
542, 0.11069890296296062;
543, 0.04255489391587337;
544, -0.013071331466378244;
545, -0.06177091154545422;
546, -0.08975231350607969;
547, -0.08927375289716227;
548, 0.0024182784716519985;
549, 0.10063158302275138;
550, 0.061111099739883754;
551, 0.057467848693030246;
552, 0.031077792412740123;
553, 0.0011331942350837666;
554, -0.013421037412798924;
555, -0.020467738823846046;
556, 0.020262985959953288;
557, 0.03168758615945241;
558, -0.029276606651217448;
559, -0.050284048441104755;
560, -0.024664974096093525;
561, -0.0015403434822231347;
562, 0.10766862968357294;
563, 0.05210054997384406;
564, -0.006327293812366677;
565, -0.0032580213090710347;
566, 0.044697959135671234;
567, 0.017077771805763354;
568, -0.05286674789886027;
569, -0.0729317861541168;
570, 0.03221694192534176;
571, 0.12324435409599568;
572, 0.1324376676246598;
573, 0.12126179641007731;
574, -0.020380431850767742;
575, -0.04821198570458636;
576, -0.07341918625407799;
577, -0.06551232257314947;
578, -0.021692763228716383;
579, 0.028445051999485587;
580, 0.08981561924884517;
581, 0.028205188177603972;
582, -0.02777062450483846;
583, -0.020614304384959974;
584, 0.024597440106984208;
585, 0.044564585508875584;
586, 0.007302632430267847;
587, -0.007436129560156569;
588, 0.02750517680907487;
589, 0.012589741562492443;
590, -0.029908949426142528;
591, 0.11399773996278047;
592, 0.03379003898291873;
593, -0.06959055845219263;
594, -0.09174692315113701;
595, -0.07456286236319214;
596, -0.013120669564386898;
597, 0.18876978742446407;
598, 0.18059031633756156;
599, 0.10526018060107081;
600, -0.06154637182084045;
601, -0.27920578074960756;
602, -0.27732383645429004;
603, 0.09993159108167513;
604, 0.19376006172934374;
605, 0.14078156434637773;
606, -0.009111686310192102;
607, -0.18777186855565803;
608, 0.03420732054870482;
609, -0.06733508668408038;
610, -0.044657469548595154;
611, 0.12904444095752501;
612, 0.06844193805632984;
613, -0.04754312625669167;
614, 0.192940368925248;
615, 0.09174245483698304;
616, -0.017263707793902062;
617, -0.08132646346221702;
618, -0.15025321776727987;
619, -0.13034889034032007;
620, -0.02246351480991157;
621, 0.09715702471196287;
622, 0.10458855967952195;
623, 0.09875197696015107;
624, 0.06390320632416321;
625, -0.02989339983165418;
626, -0.04466900806790893;
627, 0.0005090089574087441;
628, 0.08159403638255416;
629, -0.0003028909333430563;
630, 0.012060550929952273;
631, -0.017915663970147776;
632, -0.06525388957553756;
633, 0.06854416808854229;
634, 0.09655024985265491;
635, 0.07541239712253058;
636, 0.029383564492846865;
637, -0.023827309510442412;
638, -0.05818053439302688;
639, -0.03795598911771229;
640, -0.003633698637674154;
641, 0.014786321088822697;
642, 0.0003666618109598518;
643, 0.028021215749877648;
644, 0.07343831119372712;
645, 0.08418548096943962;
646, 0.00897932638013232;
647, -0.014077232242952509;
648, -0.042963520551417715;
649, 0.003328781296108761;
650, 0.0682167530627466;
651, 0.08939612503494773;
652, 0.10536857884956106;
653, -0.03527082996749822;
654, -0.06250070034232906;
655, -0.02066552347670643;
656, 0.022904391017175982;
657, 0.0489571672886516;
658, 0.03393519882905191;
659, -0.01795327690652783;
660, -0.025942335365086416;
661, 0.00023341295004171528;
662, 0.07942045063433929;
663, 0.10166167514114131;
664, -0.014435251057677366;
665, -0.040144752563461075;
666, 0.015630355103656044;
667, 0.09375588829617042;
668, 0.1139591348386302;
669, 0.0557244873572208;
670, 0.01492457447547005;
671, 0.01759745061862387;
672, -0.0005077269051037271;
673, -0.028890558185065154;
674, -0.05333969536158115;
675, -0.05301525967444654;
676, 0.007508584939373684;
677, 0.043501366114199636;
678, 0.037545842283982944;
679, -0.05320814375232718;
680, -0.023588313679400334;
681, 0.0655279963645685;
682, 0.03638570418393441;
683, -0.00562540075626217;
684, 0.026000895258657283;
685, 0.08505619165237736;
686, 0.12349861088508388;
687, 0.06151746238333424;
688, -0.011324663300559798;
689, -0.026194358690935213;
690, 0.0007100815887104851;
691, -0.022745603506710746;
692, -0.12950680045844626;
693, 0.0038800148023313916;
694, 0.12793221234386357;
695, 0.17023293064964812;
696, 0.11554081397350074;
697, 0.0864042279133018;
698, 0.01530083081155166;
699, -0.02011098209971841;
700, -0.015302981014278865;
701, 0.022433365484611393;
702, 0.01075618480766943;
703, -0.04371372898890619;
704, -0.06014858046550883;
705, -0.03060058617482092;
706, -0.016686627102427673;
707, 0.03712407228275242;
708, 0.0329660631193086;
709, 0.002902691115052186;
710, 0.01111391359827684;
711, 0.047433610929662945;
712, 0.036744011635101506;
713, 0.012785851985220288;
714, 0.023317059950586964;
715, 0.028926165930776727;
716, -0.026202298274609754;
717, -0.0693992438349667;
718, -0.06401635389103606;
719, 0.0987110960486677;
720, 0.1472270381297413;
721, 0.6041838268605975;
722, 0.38416337877264223;
723, 0.24454399934723758;
724, 0.137570025993585;
725, 0.14106165270937165;
726, 0.21073957225397552;
727, 0.27015530062959864;
728, 0.27311122227160417;
729, 0.23120123167275677;
730, 0.048156041578773345;
731, -0.1738245324254422;
732, -0.21131855197896535;
733, -0.16351341182880014;
734, -0.22277467113919008;
735, -0.3020423907714881;
736, -0.3367146144297614;
737, -0.3171543888229146;
738, -0.26652499659239004;
739, -0.3153997429123535;
740, -0.31518411206254365;
741, -0.3102464167711095;
742, -0.38292765400428075;
743, -0.3790418165167972;
744, -0.323709412625187;
745, -0.20585127819977173;
746, -0.0246203929486811;
747, -0.009903114945751093;
748, -0.17096569947902163;
749, -0.2558188742491853;
750, -0.18136003895759364;
751, -0.04066389295834279;
752, 0.11406019228529603;
753, 0.140268859989088;
754, 0.09887610450706845;
755, 0.10550045656248776;
756, 0.16620296227719444;
757, 0.18306717780757656;
758, 0.1557294628666615;
759, 0.1690602618425156;
760, 0.268945456003775;
761, 0.29238943758530084;
762, 0.2853934799872431;
763, 0.2595013132437744;
764, 0.2809199273593661;
765, 0.273197487100605;
766, 0.2910781469637545;
767, 0.22872355147437196;
768, 0.152900201278819;
769, 0.007275254986185867;
770, -0.15691288615661808;
771, -0.27204088757232436;
772, -0.19596158068555944;
773, -0.11090348791815381;
774, 0.08111091656675694;
775, 0.13790147221584567;
776, 0.06399307910869205;
777, -0.02186616920360869;
778, -0.012440363877579432;
779, -0.03505271864826281;
780, -0.03556238954755856;
781, 0.035361358428560516;
782, -0.01907106593472813;
783, -0.05299327889922942;
784, -0.09671755491351679;
785, -0.1595515644320667;
786, -0.08769587599234822;
787, -0.09605480817489176;
788, -0.06082144335636446;
789, -0.01987045566292731;
790, -0.024698679339101644;
791, -0.07265433021098318;
792, -0.06751407597015235;
793, -0.024978535266499034;
794, 0.04482111808529685;
795, 0.08387593226188388;
796, -0.07236928090913819;
797, -0.1612663979410508;
798, -0.1432671820469243;
799, -0.05501712408546567;
800, 0.0579284285005035;
801, 0.18015960276964707;
802, 0.16948916449429005;
803, 0.07386773769289076;
804, -0.017803857591358725;
805, -0.07770306033379348;
806, -0.027170668681478553;
807, -0.004147628936622063;
808, 0.050521826587156114;
809, 0.11655292182125848;
810, 0.055834163654573096;
811, -0.008423006697371525;
812, -0.05287928138129468;
813, -0.06664072176595269;
814, -0.012933243906917661;
815, 0.013227367910753334;
816, -0.006773855324938199;
817, -0.009005256478977467;
818, 0.01230107736674337;
819, -0.07371750728156544;
820, -0.015812073253014924;
821, -0.02036746125064436;
822, -0.024298085261470447;
823, 0.03472617230714428;
824, 0.1093001194198588;
825, 0.1034812156825754;
826, 0.08784267121370827;
827, 0.027130822281859104;
828, 0.0665348490863321;
829, 0.10356097231487363;
830, 0.049958735743241785;
831, -0.04309940170730537;
832, -0.0665736040794043;
833, -0.02041865952726277;
834, 0.0029055651985490883;
835, -0.010697790047447737;
836, 0.005671554139679709;
837, 0.015784199021210234;
838, -0.01534652903750258;
839, -0.0438075254250718;
840, -0.1064317531447929;
841, -0.1346697154353437;
842, -0.02506244659835535;
843, -0.02133739209827904;
844, -0.18930189148109314;
845, -0.07161784784828297;
846, 0.08868701606778709;
847, 0.16387346497537275;
848, 0.2178232239864932;
849, 0.16286033024796473;
850, -0.009818686704881622;
851, -0.10716522275014399;
852, -0.052565296276114615;
853, -0.018739494821699176;
854, -0.05687560279309877;
855, -0.07121139084291866;
856, -0.049729457107809426;
857, 0.024784917108435958;
858, 0.061494562967132675;
859, 0.10926325582808841;
860, 0.11190616651290647;
861, 0.05991274853392982;
862, 0.009467678425282832;
863, 0.00036219537016739077;
864, -0.02988314352422806;
865, -0.047049075029482024;
866, -0.009492739839450837;
867, 0.02955591375307201;
868, -0.05740577104281953;
869, -0.0714524230873213;
870, -0.03509465280522532;
871, 0.023647287100181717;
872, 0.06527978012563943;
873, 0.020182341215525076;
874, -0.04971867487148132;
875, -0.062378102707323094;
876, 0.14498678222023106;
877, 0.11391932937542924;
878, -0.0385422097319119;
879, -0.04257208235477658;
880, 0.005174422065367897;
881, 0.02629204616837031;
882, 0.030593607556224523;
883, 0.004914450899177105;
884, -0.027694916414945276;
885, 0.013520230517829388;
886, 0.007107949231486391;
887, 0.004485620753432007;
888, 0.008585183604520338;
889, 0.010432160566232541;
890, 0.08397427680352765;
891, 0.11201108169663693;
892, 0.048378180625285754;
893, 0.05891495386205447;
894, 0.005306655231297876;
895, -0.0056042470354660985;
896, 0.033745561911146534;
897, 0.052944874012794844;
898, 0.029306724059987948;
899, -0.017192079469105996;
900, 0.05704688354341753;
901, 0.06394226938113051;
902, -0.04041844582528149;
903, -0.08533697662832324;
904, -0.0631533794973556;
905, -0.04285939773022824;
906, -0.019633031374052742;
907, -0.020830989174086594;
908, 0.05632381803290171;
909, 0.0436875088659436;
910, 0.00926091898304639;
911, -0.09378593146431755;
912, -0.10343030187937363;
913, -0.0595728236161782;
914, -0.06207924187418164;
915, -0.037415631862812763;
916, -0.006018447962301305;
917, 0.05268218015847181;
918, 0.04207959018065762;
919, -0.06521133304624646;
920, -0.18308330259343658;
921, -0.14703535161556097;
922, 0.008824345262749188;
923, 0.12326664015975751;
924, -0.03993495411252984;
925, -0.11839818292258206;
926, -0.02599560197159505;
927, 0.021911620423373458;
928, 0.03310597061479805;
929, 0.03459325453165285;
930, 0.003882537387699349;
931, -0.030864147326145893;
932, -0.12106145774100563;
933, -0.05801397520758667;
934, 0.012961924378015353;
935, -0.01536900590660481;
936, -0.0482788612418118;
937, -0.04791387144070417;
938, -0.012865637758697784;
939, 0.025791313978895336;
940, -0.06764028502987439;
941, -0.15849173443407433;
942, -0.11997235473460383;
943, -0.0626930466960685;
944, -0.010253833895070038;
945, 0.01146614233821676;
946, 0.026656014640528466;
947, 0.027116803986957382;
948, 0.021570102454488677;
949, 0.027791897565701995;
950, 0.03777319552007101;
951, 0.024150423436946067;
952, 0.014926228584312144;
953, -0.04392993919311335;
954, -0.07550557257404279;
955, -0.09891576426437307;
956, -0.08101432396505709;
957, -0.022859668326892846;
958, -0.023217653143575222;
959, -0.022413094325244496;
960, -0.030623063737760747;
961, -0.0049031141478378506;
962, 0.09432188631963524;
963, 0.17174283228463827;
964, -0.033221022765887155;
965, -0.06504880505727127;
966, -0.005961293783711184;
967, 0.03723358344675554;
968, 0.06912191278260135;
969, 0.06244482906946421;
970, 0.002092941628240495;
971, -0.03857798122329744;
972, 0.127941808117893;
973, 0.025256240297331613;
974, -0.08699665421100967;
975, -0.08968586467897921;
976, -0.050187424616712835;
977, -0.030915242914799274;
978, 0.00567389098472173;
979, 0.04752002840293606;
980, 0.041166357660308836;
981, 0.10323824069288842;
982, 0.07601779818338746;
983, -0.02232949591414648;
984, -0.08071702149116872;
985, 0.017511636784064102;
986, -0.0684613932626773;
987, -0.13622776246150545;
988, -0.05607635391393271;
989, 0.0454341097295147;
990, 0.08929387418760723;
991, 0.06225185895572098;
992, -0.044943943992873735;
993, -0.16562501637023092;
994, -0.23686533330275822;
995, -0.07579452818158453;
996, 0.08866668662606168;
997, 0.023079016064734212;
998, -0.06269362535662819;
999, -0.0807315157586651;
1000, -0.0410690573442554;
1001, 0.019722029229366025;
1002, 0.05465464944566366;
1003, 0.08525197180840688;
1004, 0.0345973488673396;
1005, -0.0073533762432572425;
1006, -0.019211107340874677;
1007, 0.020883097071800638;
1008, 0.13074433614294775;
1009, 0.18603338906121308;
1010, 0.047426665615271424;
1011, -0.031148635313371233;
1012, -0.007034976943256123;
1013, 0.1471098767123435;
1014, 0.16744235744646807;
1015, -0.18525984339599647;
1016, -0.18905936748584717;
1017, -0.1254487039096257;
1018, 0.03991940382420389;
1019, 0.13945820095056444;
1020, 0.13654674042206627;
1021, -0.14137570442296146;
1022, -0.27630675379092917;
1023, -0.056421169692937666;
1024, 0.04757190664040399;
1025, 0.006099836500638383;
1026, 0.07373359460019499;
1027, 0.052606003728197584;
1028, 0.04424924672653491;
1029, 0.0025054671454192374;
1030, -0.09568413237463942;
1031, -0.11632862493980525;
1032, -0.09769638630990415;
1033, -0.03578680021837845;
1034, 0.08313564639593517;
1035, 0.15513375471709828;
1036, 0.00416843102052167;
1037, -0.08848041898354943;
1038, -0.11079042014260515;
1039, -0.06757428719721491;
1040, 0.0035368430021395524;
1041, 0.05985082005880343;
1042, 0.0617647710826805;
1043, -0.012511000014605282;
1044, 0.04428344945110334;
1045, 0.050262109296143734;
1046, -0.019013850004591472;
1047, -0.03934145444805236;
1048, -0.030456005683085027;
1049, 0.005934288236583635;
1050, 0.02337806007100248;
1051, 0.00969970604529254;
1052, -0.012035447885528175;
1053, 0.08874191249882178;
1054, 0.13659963166243247;
1055, 0.13838042137381995;
1056, 0.0012860044039954084;
1057, -0.2016801208137785;
1058, -0.2876426586483093;
1059, -0.030297364572353713;
1060, 0.03271809249889047;
1061, 0.053591350259663516;
1062, 0.04010575333955312;
1063, 0.05684134803071022;
1064, 0.00935942935187693;
1065, -0.029438814781058333;
1066, -0.11064526237798475;
1067, -0.12776174338353863;
1068, -0.0020415775938190726;
1069, -0.0948535810120794;
1070, -0.05213917591312238;
1071, -0.0428834100619427;
1072, -7.224366161137746e-07;
1073, 0.008230799804990004;
1074, 0.012264621751482706;
1075, 0.006961838827839082;
1076, 0.0208181476277571;
1077, 0.03476721696430161;
1078, 0.06636572339560376;
1079, 0.010092339030283549;
1080, -0.01960548810278399;
1081, -0.029055362655211036;
1082, -0.020943890428610893;
1083, 0.08399503642456603;
1084, 0.1334133420599601;
1085, -0.04772811376882906;
1086, -0.07088104782244446;
1087, -0.0323241363655933;
1088, -0.05456102299971043;
1089, -0.058731684985656125;
1090, -0.012016465876424956;
1091, 0.03074876421452085;
1092, 0.0603262237066338;
1093, 0.04380476395141763;
1094, -0.014230813196055712;
1095, -0.015358170938618998;
1096, 0.041609704623272376;
1097, 0.11061788354622758;
1098, 0.07865677203365432;
1099, 0.009008316996637906;
1100, -0.048446586074422614;
1101, -0.03358235049213381;
1102, 0.03863670763789268;
1103, 0.0721791069609292;
1104, 0.016739149221189843;
1105, -0.011691739471335297;
1106, -0.00510357174067445;
1107, -0.05285302032191359;
1108, -0.091577321487814;
1109, -0.11134496290726835;
1110, -0.04901459900228235;
1111, 0.0008889912222258109;
1112, 0.040098128758149686;
1113, -0.021486129371085825;
1114, -0.10986493791940097;
1115, -0.1071334172344889;
1116, -0.055071479323171135;
1117, 0.0120448563234052;
1118, 0.06410117553782561;
1119, 0.04036676671920521;
1120, -0.044266605849488105;
1121, -0.10950040952029838;
1122, -0.09458739021624454;
1123, 0.012618680835015514;
1124, -0.02127993679416985;
1125, 0.04778630245928309;
1126, 0.010677101891682306;
1127, 0.012123784513607178;
1128, -0.014053576543765248;
1129, -0.07551034964592947;
1130, -0.08828972465713929;
1131, -0.07660472928729106;
1132, -0.021088201711357384;
1133, 0.018180279754627108;
1134, -0.010777028383057611;
1135, -0.025691139093658676;
1136, 0.04326137809538734;
1137, 0.0596420512628729;
1138, -0.060261981283106246;
1139, -0.1788098596682228;
1140, 0.10168177561645823;
1141, 0.07228778968283607;
1142, 0.043173124033982914;
1143, 0.009069565510914777;
1144, -0.050904616791931534;
1145, -0.05998435604359784;
1146, -0.03379533296381856;
1147, -0.013199659506135416;
1148, 0.0099055343574677;
1149, 0.03752239265456334;
1150, 0.047564420132683256;
1151, 0.042752822886954873;
1152, 0.027588488665243445;
1153, 0.0072546598046590435;
1154, 0.006598382407830874;
1155, 0.036133091789961894;
1156, 0.01648879041174717;
1157, 0.0261038704724538;
1158, -0.0040735139672458;
1159, -0.08996805536990582;
1160, 0.1273882159107439;
1161, 0.11852657063237296;
1162, -0.052832011613176244;
1163, -0.06334407035457773;
1164, 0.1933882202819208;
1165, 0.21420429194757407;
1166, 0.011135749361435236;
1167, -0.1176670099196921;
1168, -0.020405312173321744;
1169, -0.03948390416451389;
1170, -0.01353805451197562;
1171, 0.03340466423307754;
1172, 0.01342465646972861;
1173, 0.0060952044408104315;
1174, 0.0237384774823159;
1175, 0.10247146688266294;
1176, 0.17649116541785728;
1177, 0.04588565924060377;
1178, -0.08626796098370769;
1179, -0.030600720779315617;
1180, -0.12853402626432042;
1181, -0.16354154694354303;
1182, -0.09737198947767524;
1183, -0.011349063487493526;
1184, 0.053348590359633026;
1185, -0.023553781381971166;
1186, -0.143221839759663;
1187, -0.21788138145425517;
1188, -0.08697461099040843;
1189, -0.03984711427217355;
1190, -0.036622342354806416;
1191, -0.01325772330582117;
1192, 0.008299434914372981;
1193, 0.016059712219059517;
1194, 0.01202254528148974;
1195, -0.015411540926930263;
1196, -0.07521546103305689;
1197, -0.07010750562641584;
1198, -0.07162903251041997;
1199, -0.029201597255789025;
1200, -0.015173164692866368;
1201, -0.03231884307853107;
1202, -0.0030232435249600616;
1203, 0.051229551348301657;
1204, -0.0891067600632211;
1205, -0.05459993688159339;
1206, 0.012401241150578406;
1207, 0.03418837947602009;
1208, -0.08096873467160962;
1209, -0.21534262967018186;
1210, -0.1254193407023281;
1211, 0.24952846623139227;
1212, 0.33190167113908603;
1213, -0.054770783983411175;
1214, -0.34685767368255593;
1215, -0.21404341876127855;
1216, -0.21462485467137787;
1217, -0.1596602679691016;
1218, 0.1222591671471781;
1219, 0.23727981107079646;
1220, 0.09209306485379852;
1221, 0.002034298890460007;
1222, -0.04098804000903515;
1223, 0.036725649916814075;
1224, 0.021961329724498945;
1225, -0.03884506013126228;
1226, -0.011907368933469957;
1227, 0.03425182051711786;
1228, -0.15035838273254687;
1229, -0.10553378158249023;
1230, -0.08514483634435147;
1231, -0.002474822420071556;
1232, 0.09688986254348585;
1233, 0.0789605716028436;
1234, -0.09428642427981998;
1235, -0.19260290019260584;
1236, 0.03549134057715979;
1237, 0.032851838022640543;
1238, -0.014373589016189972;
1239, -0.001419046515185035;
1240, 0.06408401346475126;
1241, 0.031091233434757358;
1242, -0.11311909177768098;
1243, -0.17117654978775682;
1244, -0.07329199472031216;
1245, 0.059281345908954834;
1246, 0.08396257176318948;
1247, 0.005151544366283253;
1248, 0.05260571231640493;
1249, -0.019560699497928703;
1250, -0.09267373754253613;
1251, -0.08083147416657008;
1252, 0.11455472503580116;
1253, 0.11699484780481405;
1254, 0.009206535991836861;
1255, -0.07967317751151605;
1256, -0.11007037629484406;
1257, -0.15132473199048235;
1258, -0.16542741142130934;
1259, -0.08006911871419126;
1260, -0.01656772900951317;
1261, -0.1304391308587777;
1262, -0.07745976617880979;
1263, 0.1005819597574885;
1264, 0.09811325781766773;
1265, -0.024820348619396738;
1266, 0.0576328155211749;
1267, 0.0006798090378522756;
1268, -0.004052303490533921;
1269, -0.20479756784942502;
1270, -0.10233681381933003;
1271, -0.023800014633035018;
1272, -0.052620518810822026;
1273, 0.01945681327536135;
1274, 0.05977790744060689;
1275, 0.0961011010196672;
1276, 0.043708938040267487;
1277, -0.03760464918373996;
1278, -0.1623809300955494;
1279, -0.07063479375625256;
1280, 0.03135326536800852;
1281, 0.022716158426576146;
1282, -0.0607339330888689;
1283, -0.1091794402458211;
1284, -0.02005622651771685;
1285, -0.06384017811643837;
1286, -0.07843698787196157;
1287, -0.035738663847095675;
1288, 0.04748683868126589;
1289, 0.05974236630330507;
1290, 0.05731825036775995;
1291, 0.07875944889728216;
1292, -0.16525590864295808;
1293, -0.3272678420252509;
1294, 0.1543224157177252;
1295, 0.15108811255322557;
1296, 0.03951407430494211;
1297, -0.013853165715582993;
1298, -0.0831247836744453;
1299, -0.07489515923035232;
1300, -0.11460559027037083;
1301, -0.06291272955747142;
1302, -0.015070746630663896;
1303, 0.0024098418921034656;
1304, 0.018802024854026107;
1305, -0.0011243647353014754;
1306, -0.07797450348027206;
1307, -0.09554315151238037;
1308, 0.027230159705110696;
1309, 0.010282555996423822;
1310, -0.03652362522237062;
1311, -0.0849431238768287;
1312, -0.005785448275811826;
1313, 0.10557158879339872;
1314, 0.11316516259442393;
1315, 0.061058576233446384;
1316, 0.003053805475481878;
1317, -0.0890117181885607;
1318, -0.10488115793447184;
1319, 0.033399804594516275;
1320, 0.16850586478374868;
1321, 0.17235995226258535;
1322, -0.153767435835373;
1323, -0.13196092487025846;
1324, -0.009948378829363443;
1325, 0.03664086990028062;
1326, 0.024877667931336025;
1327, 0.014778794338521077;
1328, 0.07618922810879054;
1329, 0.0706258612909702;
1330, -0.04199199804032508;
1331, -0.06021243433997952;
1332, 0.09109821274719135;
1333, 0.06238014952824767;
1334, 0.0665958901431661;
1335, 0.05354783970367029;
1336, -0.05265016926688668;
1337, -0.12383565637678906;
1338, -0.057938020805344936;
1339, 0.022018068988203337;
1340, 0.07613620850846806;
1341, 0.06827187846018981;
1342, 0.0020955057050970247;
1343, 0.01818991577123744;
1344, 0.053358102873150286;
1345, 0.09236138573107014;
1346, 0.07938265383099483;
1347, -0.05756532316232168;
1348, -0.21879353505713353;
1349, -0.1378140486780503;
1350, 0.17868649534266712;
1351, 0.2063298041168091;
1352, 0.18382820664246122;
1353, 0.02733478972158691;
1354, -0.19147231263600734;
1355, -0.20020569509535566;
1356, -0.10490679523384912;
1357, -0.01806890841201423;
1358, 0.004384474287401897;
1359, -0.00980425349509417;
1360, -0.019089241704538348;
1361, 0.0020930242642988395;
1362, 0.0029638150854795786;
1363, -0.02092619063139534;
1364, 0.04940231961705437;
1365, 0.24420805011894284;
1366, 0.06340496848086581;
1367, -0.28524385390846874;
1368, -0.2476883950353283;
1369, 0.039026363365735436;
1370, 0.17065282035097845;
1371, 0.11231686980439225;
1372, 0.007430370708063701;
1373, 0.010391176966784155;
1374, 0.0003911445159995308;
1375, 0.005916546809111989;
1376, -0.012429446342919035;
1377, 0.031798502344598675;
1378, 0.09098208514781984;
1379, 0.05373113078287188;
1380, -0.030202285924300444;
1381, -0.05928473877482642;
1382, -0.08232101166795472;
1383, -0.07283040190994064;
1384, -0.03301606313838914;
1385, -0.012146969790900592;
1386, 0.042381415781870505;
1387, 0.022344486969365578;
1388, -0.0048440112569600145;
1389, -0.01623693291308515;
1390, -0.023165953916208494;
1391, 0.039791882717577325;
1392, 0.06598158992123174;
1393, 0.017356841615158186;
1394, -0.014029424750692876;
1395, -0.00739419470935646;
1396, 0.02823643237863939;
1397, 0.059341806917553946;
1398, 0.10877671608675316;
1399, 0.028404504130050974;
1400, 0.06970990962106094;
1401, 0.11168891902148499;
1402, 0.07907115821512913;
1403, -0.0020883924820059288;
1404, -0.021838170774873322;
1405, -0.024007870338681906;
1406, 0.0009867528015167566;
1407, 0.07351072702420094;
1408, 0.1553704296613632;
1409, 0.0796331430819066;
1410, -0.07817028363630157;
1411, -0.08726403840751921;
1412, 0.034010383765393525;
1413, 0.04852636352184889;
1414, 0.011392605960016428;
1415, -0.0012442348946957468;
1416, 0.022931746952292317;
1417, 0.031698917221323335;
1418, 0.011292488663300697;
1419, 0.010608296098249348;
1420, 0.03667300360112123;
1421, 0.06647064135468461;
1422, 0.08683209674704996;
1423, 0.09851311642744129;
1424, 0.1028639916289881;
1425, 0.04798926383448865;
1426, -0.027810837944549124;
1427, 0.025720915828166817;
1428, 0.2039465066473632;
1429, 0.17621362343886104;
1430, 0.04444666087011606;
1431, -0.06858994749349259;
1432, -0.10640504039713321;
1433, -0.030076937223204328;
1434, 0.05866597023873807;
1435, 0.06244299733819612;
1436, -0.009412457972088232;
1437, -0.041332294473420454;
1438, -0.05238341368724417;
1439, -0.04871153490095069;
1440, -0.01656664315366675;
1441, 0.8442727643520395;
1442, 0.5219938714018493;
1443, 0.15594875717900758;
1444, -0.1482972063079968;
1445, -0.4149705315028463;
1446, -0.5037986047550287;
1447, -0.5449431328967175;
1448, -0.6202368352207509;
1449, -0.7298031593131965;
1450, -0.6997246748321407;
1451, -0.5609880025418047;
1452, -0.44939142636671;
1453, -0.43159873817306105;
1454, -0.5081206579426071;
1455, -0.640435786908457;
1456, -0.6874384761189251;
1457, -0.667812793872748;
1458, -0.5511043136612218;
1459, -0.247801920743694;
1460, -0.04932774595163973;
1461, -0.09167706064303689;
1462, -0.23566316252080777;
1463, -0.17186034062083688;
1464, -0.09122914684097995;
1465, -0.05488440335985308;
1466, -0.07865957374988938;
1467, -0.11708000249365233;
1468, -0.12162065615597525;
1469, -0.04042567283773924;
1470, 0.06835250238948998;
1471, 0.09482799921971025;
1472, 0.1261689836621713;
1473, 0.19804935190537692;
1474, 0.27130113179830323;
1475, 0.34086927235758974;
1476, 0.4096929251704126;
1477, 0.4175253109355154;
1478, 0.3186719781785299;
1479, 0.2467781911161103;
1480, 0.21685863707606567;
1481, 0.10914127223935982;
1482, 0.00907064026535958;
1483, 0.03512056347661762;
1484, 0.0587659980304032;
1485, -0.010786638033839084;
1486, -0.024590208237663246;
1487, -0.08242595044216362;
1488, -0.01653018823224368;
1489, 0.033411136350224795;
1490, -0.01116057348314351;
1491, -0.0794525857228551;
1492, -0.0158029333302897;
1493, 0.04312008500620759;
1494, 0.06849346590580899;
1495, 0.014414097336881296;
1496, -0.05340849282896289;
1497, -0.04985765748144791;
1498, -0.09189766630844988;
1499, -0.0641814074488809;
1500, -0.07451505695244531;
1501, -0.01518639825744074;
1502, 0.06447019653539826;
1503, 0.07949770598208393;
1504, 0.03131348071993561;
1505, -0.020073761875420836;
1506, 0.05591770447715017;
1507, 0.011213581288226767;
1508, -0.038758604496921076;
1509, -0.02717026070496884;
1510, 0.03700221358479211;
1511, 0.08033356936532142;
1512, 0.10601941239656745;
1513, -0.048054158465361665;
1514, -0.07641122491859463;
1515, -0.10781262873939873;
1516, -0.134280972103947;
1517, -0.10957641942954822;
1518, -0.018016509796345136;
1519, 0.10609404156899023;
1520, 0.16311600940413606;
1521, 0.03859728031618457;
1522, -0.1801375595490458;
1523, -0.08430847756106646;
1524, 0.0566271222020435;
1525, 0.11688628997367546;
1526, 0.06339336751616789;
1527, 0.008793266195062937;
1528, 0.04121582966897459;
1529, 0.02014075814038895;
1530, -0.008825317329228961;
1531, -0.01541269824804965;
1532, -0.051023128417301965;
1533, -0.01852490195294123;
1534, 0.06612465923467145;
1535, 0.031107341568514954;
1536, 0.03333872190742618;
1537, 0.009233210578428472;
1538, -0.00042509774350482144;
1539, -0.012427626406890168;
1540, -0.007201889292035518;
1541, 0.006834979642284392;
1542, 0.030072801951099088;
1543, -0.024477673329392567;
1544, -0.05396971378054104;
1545, -0.01636218933378026;
1546, 0.020093446742014423;
1547, -0.05703464424812618;
1548, -0.09285351086509788;
1549, -0.12456360303483179;
1550, -0.1434467957868377;
1551, -0.07138981118215738;
1552, 0.06645598056616385;
1553, 0.1308207415396305;
1554, 0.03598421505579721;
1555, -0.10990001834853537;
1556, -0.1406037962144845;
1557, -0.084507397332243;
1558, 0.005176358080427504;
1559, 0.029085966444140226;
1560, -0.0007037954200404376;
1561, 0.037086438531244326;
1562, 0.10243693458523377;
1563, 0.09303581669490528;
1564, 0.03407696650315111;
1565, -0.02782287394542322;
1566, -0.09421860165426843;
1567, -0.11401899914689198;
1568, -0.09001948261293273;
1569, -0.05010272786069156;
1570, 0.017077523411902;
1571, 0.05980540838778196;
1572, 0.07134859722862529;
1573, 0.03814783937756661;
1574, -0.01350635515347358;
1575, -0.06687843330359429;
1576, -0.04713924338882912;
1577, 0.013736707849513145;
1578, 0.1094647185140746;
1579, 0.1364188661521005;
1580, 0.07791252990570156;
1581, -0.020397826359438615;
1582, -0.10371433817832036;
1583, -0.10639957989520901;
1584, -0.014828917860694688;
1585, 0.043580480946716425;
1586, 0.09369726595721539;
1587, 0.05442648788876978;
1588, -0.11914738876473628;
1589, -0.3144736154201799;
1590, -0.2044240403766303;
1591, 0.07185959197006479;
1592, 0.1571829416278936;
1593, 0.13834336350752116;
1594, 0.0705598981501908;
1595, 0.03741352329034165;
1596, 0.0485200565380508;
1597, 0.003247661619842285;
1598, -0.08375600937083187;
1599, -0.1098655693116184;
1600, -0.07911515862046907;
1601, -0.00524635311150952;
1602, 0.11300323477497407;
1603, 0.12727149161103504;
1604, 0.04468892120707344;
1605, -0.03473345135742215;
1606, -0.0948437770867695;
1607, -0.09631133381293701;
1608, -0.05993185335228852;
1609, -0.048861140164597014;
1610, 0.03873070875615074;
1611, 0.02642925949245294;
1612, 0.02157932494388849;
1613, 0.03383304928200124;
1614, 0.0511349708756463;
1615, -0.012690898227935296;
1616, -0.006746188550576373;
1617, 0.026376180915934324;
1618, 0.0009748629922253069;
1619, 0.018594252408891405;
1620, 0.04915066471897201;
1621, 0.08450385529128707;
1622, 0.04772011729047119;
1623, 0.019623808884652934;
1624, 0.019085602526318215;
1625, 0.14305192586941928;
1626, 0.13012265071358248;
1627, -0.0026744268701932882;
1628, 0.0006648174761317263;
1629, 0.05616013133513192;
1630, -0.00870881713906542;
1631, -0.15690793215614302;
1632, 0.06696590263467136;
1633, 0.15090949100108242;
1634, -0.047622195989764374;
1635, 0.09467885188888094;
1636, -0.01172143225149365;
1637, -0.053252889339251167;
1638, 0.016376209016357186;
1639, 0.018930765727156202;
1640, 0.01720688457584788;
1641, -0.014561675900893486;
1642, -0.05374291908372223;
1643, 0.022322159969185285;
1644, 0.09898668834400358;
1645, 0.0509623302036285;
1646, -0.03935152966386448;
1647, -0.01892304817151416;
1648, 0.005278569379024713;
1649, -0.002832813620059872;
1650, -0.022772527181001312;
1651, -0.01667014637787804;
1652, -0.04238200554383182;
1653, -0.04734201048950624;
1654, -0.05903773952705046;
1655, -0.07487932169325932;
1656, 0.008699822228398919;
1657, 0.0627093824085594;
1658, 0.15672076946312477;
1659, 0.14999848223024662;
1660, 0.1027855463497568;
1661, 0.053302019979816956;
1662, -0.03129404285952817;
1663, -0.13030481083749357;
1664, -0.18344010164165792;
1665, -0.11126117507850512;
1666, 0.023296439097068886;
1667, 0.19205848051854923;
1668, 0.16697480804028725;
1669, -0.07243511915914931;
1670, -0.15372310655100996;
1671, -0.15066772328882214;
1672, -0.12388743747699278;
1673, -0.02979323535398155;
1674, 0.07627251984366867;
1675, 0.062296773839019756;
1676, 0.05912816460631013;
1677, 0.031483452892537844;
1678, -0.025718848192114195;
1679, -0.05020024326640148;
1680, -0.013911146948594163;
1681, -0.03171760990014671;
1682, -0.08278996540144108;
1683, 0.0019753253309111;
1684, 0.06574420726261326;
1685, -0.02575797161295282;
1686, 0.021875804526381423;
1687, 0.02784446062088266;
1688, 0.07317731724152789;
1689, 0.04336472520613828;
1690, 0.032330422534263346;
1691, 0.07896019693053877;
1692, 0.10065937121869349;
1693, 0.07954220178747137;
1694, 0.041662184417940853;
1695, 0.0011192159052278894;
1696, -0.041535614562666;
1697, -0.038227449610130915;
1698, 0.07486139986801127;
1699, 0.13893781581102554;
1700, 0.0802948074338732;
1701, 0.038409570879136296;
1702, 0.01771194978114454;
1703, -0.02676816724428069;
1704, -0.03818991785275024;
1705, -0.07055078112410643;
1706, 0.02535247557266667;
1707, 0.06656484368584713;
1708, 0.09749155851155043;
1709, 0.08489753180803081;
1710, 0.012848278635744592;
1711, -0.022472592287252652;
1712, -0.052127325166887895;
1713, -0.021873034726676035;
1714, -0.04684713428938836;
1715, 0.0865265722975832;
1716, 0.13622034533754487;
1717, 0.06166456705626458;
1718, 0.02079670457668118;
1719, 0.0259789769288243;
1720, 0.020815934979645755;
1721, -0.0029457011365996593;
1722, 0.031178845696380346;
1723, -0.010708935854679046;
1724, -0.014984773213455772;
1725, 0.027648257917753813;
1726, 0.06730181717108602;
1727, 0.095776128302229;
1728, 0.06864884042911219;
1729, -0.0452684074335124;
1730, -0.09274866506512758;
1731, -0.08851285589142191;
1732, -0.0018474527261555856;
1733, 0.06349326347868874;
1734, 0.14698185673648143;
1735, 0.1438430672562112;
1736, 0.030080679783227093;
1737, -0.12636902398107433;
1738, 0.02316809579288448;
1739, 0.07994972383355405;
1740, 0.06666239031424911;
1741, 0.06727677657204606;
1742, 0.04478790824233624;
1743, -0.026076411155534836;
1744, -0.10059750171976323;
1745, -0.14704891614067128;
1746, 0.07831715517979779;
1747, 0.07536070344586465;
1748, 0.016050986517382418;
1749, -0.004066943672077918;
1750, -0.03539986086474576;
1751, -0.07391200453186968;
1752, -0.003210461933137715;
1753, -0.038419506633590506;
1754, -0.06883928497398577;
1755, -0.09905521868390872;
1756, -0.05905314272180488;
1757, 0.06135323796142325;
1758, 0.1479044456568871;
1759, 0.0725904347062564;
1760, -0.033201336511618364;
1761, -0.08838339967172462;
1762, -0.052542725738936175;
1763, -0.03690405915465116;
1764, -0.006342264746295332;
1765, 0.1321795114682509;
1766, 0.1476823621173828;
1767, 0.03835888396083023;
1768, 0.0024963791217466084;
1769, -0.053603940636781255;
1770, -0.10132516390438931;
1771, -0.09546554577664694;
1772, -0.05093530522904811;
1773, 0.008232562152497942;
1774, 0.0763211328813837;
1775, 0.07569072313801654;
1776, -0.010513177207615186;
1777, 0.12394045360812725;
1778, 0.05493029030963162;
1779, -0.19892178330556654;
1780, -0.19077815586916014;
1781, -0.10079667474166432;
1782, 0.15170294980546356;
1783, 0.12330721578269618;
1784, 0.08457331884276631;
1785, 0.04287478219136742;
1786, 0.024489252785124843;
1787, 0.01513214015699949;
1788, 0.02272302325580589;
1789, 0.026655311783038094;
1790, 0.024039879148754238;
1791, 0.028757186639782308;
1792, -0.03856549214646954;
1793, -0.09141143879403531;
1794, -0.062130357584125474;
1795, 0.03965456046099125;
1796, 0.19440163948274547;
1797, 0.3775144232358719;
1798, -0.2170938063927352;
1799, -0.2847059216159866;
1800, 0.02302521104024678;
1801, 0.10622507973841906;
1802, -0.0624260746390943;
1803, -0.1884948265213456;
1804, -0.01424559263080634;
1805, 0.2049216398893343;
1806, 0.27449332595876474;
1807, -0.007560652594506839;
1808, -0.27186284884376644;
1809, -0.085346444736234;
1810, 0.0427641962729195;
1811, -0.061151963999264675;
1812, -0.09324691678517703;
1813, -0.003649685280467719;
1814, -0.0031647716169354518;
1815, -0.013947356945343879;
1816, 0.00892538536347498;
1817, 0.012950581520905205;
1818, -0.01901559986302258;
1819, 0.027567779000512365;
1820, 0.02822666661439757;
1821, 0.02808792823526673;
1822, 0.015299001161796371;
1823, 0.01399497501993829;
1824, 0.030114931770265235;
1825, 0.015496320249626116;
1826, -0.013797986892644484;
1827, -0.011690002101981014;
1828, 0.051538069707019095;
1829, 0.07759623709665875;
1830, 0.11081490567156385;
1831, 0.05550230390510189;
1832, -0.04864745899844751;
1833, -0.10020470637677345;
1834, -0.0789928281129397;
1835, 0.007088657076975281;
1836, 0.11128675687087428;
1837, 0.12844986376325232;
1838, 0.06644705087623189;
1839, 0.01661681801982287;
1840, 0.016329601169310634;
1841, 0.003875775662737198;
1842, -0.05099590500516753;
1843, 0.015986864127759928;
1844, 0.021530028476135925;
1845, 0.07158300332393311;
1846, 0.027156338853493726;
1847, -0.026434305773329017;
1848, 0.08872032721103755;
1849, -0.021195748621110514;
1850, 0.030702320806985862;
1851, 0.055389999350914924;
1852, 0.056806937848698925;
1853, 0.06914730307579249;
1854, 0.0747224172580447;
1855, -0.15600289038868054;
1856, -0.16617876816002838;
1857, 0.10849344994754415;
1858, 0.32507755629980434;
1859, 0.15315487437046815;
1860, -0.11053898033417925;
1861, -0.3310756713511922;
1862, 0.05026823241297741;
1863, 0.1444576339117846;
1864, -0.07005792052222104;
1865, -0.009168984807003348;
1866, 0.18178588178554528;
1867, 0.13076844699960163;
1868, 0.013530920473756479;
1869, -0.07234651609743131;
1870, -0.11903812321924412;
1871, -0.056314635092245185;
1872, 0.0374857719059535;
1873, 0.03830205588591284;
1874, 0.02083760560945498;
1875, 0.024851861335583956;
1876, 0.0148746577169017;
1877, 0.01341140209002619;
1878, 0.022404499758874086;
1879, -0.009260753849697222;
1880, -0.03992271204188809;
1881, -0.09281804188690664;
1882, -0.12481459878719268;
1883, -0.08855019129276134;
1884, 0.023723009760664535;
1885, 0.07779615252479351;
1886, 0.07078648747107955;
1887, 0.08155135704400758;
1888, 0.022960820829310086;
1889, -0.025581628623493155;
1890, -0.055978741370958575;
1891, -0.0670442715917665;
1892, -0.07719649366392706;
1893, -0.060391919026099014;
1894, -0.06573758805189447;
1895, -0.05295281151495659;
1896, -0.021535363393454247;
1897, -0.023242040147594525;
1898, -0.006956069568182189;
1899, 0.0437131496345089;
1900, 0.06342355639021136;
1901, -0.023728635395937905;
1902, -0.087195036258045;
1903, -0.026836781538535616;
1904, -0.014464820334742647;
1905, -0.018891726260667364;
1906, -0.013733647331852707;
1907, 0.050003058089228836;
1908, 0.17183998342560738;
1909, -0.046679818820962456;
1910, -0.06670672376163778;
1911, 0.01965600433704008;
1912, 0.12940316193590265;
1913, 0.21453106170440026;
1914, 0.04536114299198524;
1915, -0.010635570160528695;
1916, 0.0833369411732218;
1917, 0.11332419711107532;
1918, 0.05171802689654524;
1919, -0.061358203063299956;
1920, -0.08642397453144193;
1921, -0.08401559483269996;
1922, 0.058393992837306286;
1923, 0.047057502380990456;
1924, -0.13569504782778702;
1925, -0.07450625909165765;
1926, 0.046156314187566994;
1927, 0.029324498097826873;
1928, -0.05164007077282304;
1929, -0.09414171750964061;
1930, -0.10660243025639832;
1931, -0.13584864959601825;
1932, -0.06263729962013433;
1933, 0.04212706671238132;
1934, 0.07863915410927574;
1935, 0.028469350192291888;
1936, -0.05610529041110537;
1937, -0.11744326810832012;
1938, 0.038354494744162825;
1939, 0.12047093949670198;
1940, 0.08981806155720262;
1941, 0.027602011560097665;
1942, -0.02796142290688883;
1943, -0.09794767347405771;
1944, -0.07978454816029133;
1945, -0.0012896850737041136;
1946, 0.1706672105428346;
1947, 0.2312359304912103;
1948, -0.01687341096011547;
1949, -0.026150683695430412;
1950, 0.048425995749759;
1951, 0.05854874706979371;
1952, -0.028452930525451194;
1953, -0.03602309493963769;
1954, 0.00439853560023492;
1955, 0.05694151042687006;
1956, 0.1340911034442827;
1957, 0.12397486101478815;
1958, 0.10360308825728774;
1959, 0.10487553091152325;
1960, 0.03591432895721863;
1961, 0.0005006964082698642;
1962, 0.012190408881620863;
1963, 0.07107201968389522;
1964, -0.04487020709560655;
1965, -0.07166795679986696;
1966, -0.011557642171921232;
1967, 0.024107950862004755;
1968, 0.04203567026047947;
1969, -0.021968401317333946;
1970, -0.0660238543448926;
1971, -0.006059307364819013;
1972, 0.045670857526727754;
1973, 0.047206073826610476;
1974, -0.010111942024040154;
1975, -0.09251316270640932;
1976, 0.02734339192017093;
1977, 0.18864528520524185;
1978, -0.10439393823228704;
1979, -0.09238363710295186;
1980, -0.005063456340216884;
1981, 0.05247746684332234;
1982, 0.06468714567665107;
1983, 0.024921256890978235;
1984, -0.06379137774257092;
1985, -0.08896382951730168;
1986, 0.08183555708862829;
1987, -0.02747134806297367;
1988, -0.029881055073047398;
1989, -0.008137712470853183;
1990, 0.005240749262736838;
1991, -0.013085232502725306;
1992, -0.02290165035864986;
1993, -0.08017738929656282;
1994, -0.0659616143366831;
1995, -0.037969430139729525;
1996, 0.013637039465725618;
1997, 0.05409886818088166;
1998, 0.0617489724004932;
1999, -0.12360526760119422;
2000, -0.09022299211984353;
2001, 0.0832234612581378;
2002, 0.004580460235664023;
2003, -0.18697088161330008;
2004, -0.03215515638076129;
2005, 0.003678859486402674;
2006, -0.027722295246702458;
2007, -0.0469174096308614;
2008, -0.129319623888676;
2009, -0.044010500677029385;
2010, 0.08506876398971747;
2011, -0.06374956708870148;
2012, -0.13312821643597897;
2013, -0.14667059425004983;
2014, -0.10910880757798327;
2015, -0.05276191320029159;
2016, 0.001685750958996314;
2017, -0.004056459785918489;
2018, -0.015611755399071277;
2019, -0.03459776100687493;
2020, -0.054240636548818465;
2021, -0.023539658317591607;
2022, -0.024694647448799033;
2023, -0.1723093715014323;
2024, -0.16588691924968818;
2025, -0.018604622505684176;
2026, 0.10262678936814602;
2027, -0.08722944366470589;
2028, -0.014579955052506333;
2029, -0.04032336856490343;
2030, 0.001800637768584969;
2031, 0.016483155756584978;
2032, -0.02987073562639954;
2033, -0.0811307672605373;
2034, 0.04760036092044358;
2035, -0.10207589618926696;
2036, -0.017431116930404167;
2037, 0.010015334157913067;
2038, 0.009341191136682574;
2039, 0.032936080315032805;
2040, 0.02423358958721832;
2041, -0.03764120818080326;
2042, -0.046842960856215025;
2043, -0.03111427994453046;
2044, -0.0075108184026130755;
2045, 0.029803098949325188;
2046, 0.04409106216094542;
2047, -0.02986449108798558;
2048, -0.0455903786094863;
2049, 0.03112611681401291;
2050, 0.07786257359838993;
2051, -0.05675977354389593;
2052, -0.14611381732830964;
2053, -0.09565241011949652;
2054, -0.0002086820939838417;
2055, 0.00037807603620569494;
2056, -0.03220263360632258;
2057, -0.024771052151644175;
2058, -0.0024978369439312264;
2059, 0.031869452790058025;
2060, 0.024504678876520115;
2061, 0.006058832086061951;
2062, 0.003964091267536876;
2063, 0.006655701719770164;
2064, -0.020618626299380032;
2065, -0.08869526579686954;
2066, -0.07625482004645312;
2067, -0.07430562901079331;
2068, -0.057070789024141345;
2069, 0.0054809035250384655;
2070, 0.011809437919036714;
2071, -0.07977586547654554;
2072, -0.09798314939062498;
2073, -0.000847838187635127;
2074, -0.02949315614201177;
2075, -0.10266381948094078;
2076, -0.07546657196245964;
2077, -0.07804437292674819;
2078, -0.052111054675131524;
2079, -0.013790222156045535;
2080, -0.04400669428394728;
2081, -0.06133992044249909;
2082, -0.061606520602518866;
2083, -0.046231613607112865;
2084, -0.10536869680195332;
2085, -0.12352106346987005;
2086, -0.09217437568232424;
2087, -0.07016639509284744;
2088, -0.054632772746086765;
2089, -0.01652426355296404;
2090, 0.030221765414963974;
2091, -0.01484967886940828;
2092, -0.05048783270770575;
2093, -0.07273385787687289;
2094, -0.06941686314702047;
2095, -0.10171428190809088;
2096, -0.0008468870056671615;
2097, 0.2294758587706051;
2098, 0.14622005774185903;
2099, -0.18144014944706868;
2100, -0.11870586520698961;
2101, -0.027466054082073844;
2102, -0.030068831118505415;
2103, -0.06016049365712745;
2104, -0.06757751354206212;
2105, -0.08550440380460297;
2106, -0.005228838777084861;
2107, -0.0791280639998579;
2108, -0.09584124496113453;
2109, -0.07691508700949021;
2110, -0.03171351625829756;
2111, -0.001066238975917903;
2112, 0.021931262965873353;
2113, -0.03714175126483993;
2114, -0.058158723608022135;
2115, -0.05449279378532436;
2116, -0.027750231230053688;
2117, -0.015669756753372892;
2118, 0.008007937779696779;
2119, 0.01267789987430785;
2120, -0.06394680707904465;
2121, 0.019942011828612813;
2122, 0.07791964174111747;
2123, -0.00785134348989004;
2124, -0.03242851937588336;
2125, 0.010840054509269654;
2126, 0.03828104648333789;
2127, -0.04112600475924026;
2128, -0.06288783327665258;
2129, 0.0996558322653149;
2130, 0.0596868003189849;
2131, 0.00013986580278797133;
2132, -0.03653822356550724;
2133, -0.055980066600777534;
2134, -0.047000864417575894;
2135, 0.007045729344567351;
2136, 0.07895279784635584;
2137, 0.1611663049286511;
2138, 0.25443940714491065;
2139, 0.2717465963536267;
2140, 0.2518598924017463;
2141, 0.1306775057051664;
2142, -0.021888294990884533;
2143, -0.11094137145119845;
2144, -0.04895344415608168;
2145, 0.05588858758220111;
2146, -0.0005164530230833872;
2147, -0.004020542172334065;
2148, 0.05837519677668029;
2149, 0.0628572711179795;
2150, 0.0801125016040658;
2151, 0.051991120682677916;
2152, 0.14538289410695623;
2153, 0.1614125895236975;
2154, 0.028577722074953266;
2155, -0.021795534454258046;
2156, -0.05213710827706976;
2157, -0.05433104011911249;
2158, -0.03140619962630601;
2159, 0.02344964745938006;
2160, 0.07720476698348795;
2161, 0.8709516527367783;
2162, 0.9839349188655797;
2163, 0.9703720589655109;
2164, 0.7720598813766667;
2165, 0.6544645101893348;
2166, 0.6657153921870209;
2167, 1.0896031245449944;
2168, 1.1651477462992523;
2169, 1.0341581455025326;
2170, 0.9744973398092897;
2171, 0.877638443237961;
2172, 0.79827986557174;
2173, 0.7299703741751702;
2174, 0.6979630905455642;
2175, 0.6186412446419692;
2176, 0.42216722325740863;
2177, 0.20767168603820776;
2178, 0.05521175663410221;
2179, 0.011213002627667073;
2180, -0.09972638861101656;
2181, -0.11972669459339885;
2182, 0.1000026400520739;
2183, 0.3149680649101728;
2184, 0.1890836171100214;
2185, -0.1365004822691709;
2186, -0.3149683771370935;
2187, -0.3938199329759815;
2188, -0.40436897048619524;
2189, -0.41691385961077304;
2190, -0.38818846946675706;
2191, -0.2415958001177373;
2192, -0.21720317601386757;
2193, -0.22793320106244577;
2194, -0.24697377005923532;
2195, -0.24328605789887447;
2196, -0.2105060542707977;
2197, -0.12684314402934185;
2198, -0.038259953820250756;
2199, 0.02317678055814309;
2200, 0.03774730705148195;
2201, 0.027079871011426847;
2202, 0.02221839794354861;
2203, 0.07730335714364266;
2204, 0.08130760495620688;
2205, 0.01913208617643409;
2206, -0.00124018205049757;
2207, 0.1590645112509063;
2208, 0.4202350936883709;
2209, 0.3872813739399939;
2210, -0.07096758324810984;
2211, -0.21464934713871262;
2212, -0.03672368635640169;
2213, 0.3333677222376582;
2214, 0.22602367672246657;
2215, -0.09469936172838278;
2216, -0.24263403788956944;
2217, -0.1980338099431022;
2218, -0.04844245080231738;
2219, 0.10450407107478116;
2220, 0.07763006861811036;
2221, 0.005260558742563665;
2222, -0.14065049148506883;
2223, -0.15609664172540205;
2224, -0.043341607924929824;
2225, 0.03719123576258251;
2226, 0.06247497631325158;
2227, 0.0769857432678065;
2228, 0.09086496536067812;
2229, 0.06289933016571028;
2230, 0.05017650361286443;
2231, 0.02046184606109608;
2232, 0.03981014105406213;
2233, 0.07700993738497257;
2234, 0.06230612052535025;
2235, 0.07833262428912435;
2236, 0.05958936817378717;
2237, 0.020087657361067088;
2238, -0.004699441172788147;
2239, -0.046430152461446134;
2240, -0.07161691463670888;
2241, -0.058505593840165286;
2242, -0.018504220735551812;
2243, 0.03547248207114965;
2244, 0.06628745712647365;
2245, 0.1025459503491894;
2246, 0.07669277727892782;
2247, 0.04091707429914857;
2248, 0.022595730421750226;
2249, 0.02214404006162804;
2250, 0.024201333077122234;
2251, 0.03646055815974008;
2252, 0.028053142687112998;
2253, -0.026059538412740328;
2254, -0.09530576191538588;
2255, -0.06804057728814891;
2256, -0.016684600402793542;
2257, 0.027086861425262468;
2258, 0.054244295848329044;
2259, 0.051932932686061486;
2260, 0.033208781389082995;
2261, -0.005221043303480161;
2262, -0.03384483619517638;
2263, 0.024477591456555585;
2264, -0.014551543790398044;
2265, -0.05404601510158355;
2266, -0.016039117037532694;
2267, 0.007962425502223073;
2268, -0.01875942808215412;
2269, -0.018340864998317965;
2270, 0.04969257963928701;
2271, 0.005619734878407908;
2272, -0.01929668318913711;
2273, -0.006303017822363628;
2274, 0.0009226097355337374;
2275, -0.007925246214343989;
2276, -0.10167315815344698;
2277, -0.16008683238815885;
2278, 0.1290939670855237;
2279, 0.27041054960645705;
2280, -0.06451874435237874;
2281, -0.0792759554846284;
2282, 0.057314538336591656;
2283, 0.1088271719571379;
2284, 0.029209537533301168;
2285, -0.017900672221091075;
2286, 0.10357992795814798;
2287, 0.07320514706772607;
2288, 0.0674614692032028;
2289, 0.03775450284124763;
2290, 0.009004015897345894;
2291, -0.018175275797844725;
2292, 0.03269981404111522;
2293, 0.10814943138794338;
2294, 0.04695731916970258;
2295, -0.00952282637244807;
2296, -0.08568523522950708;
2297, -0.06313328249122668;
2298, -0.009232218390658254;
2299, 0.08128088943319678;
2300, 0.09287569285321945;
2301, 0.002543597337731246;
2302, -0.05265066605460939;
2303, -0.0539013638384123;
2304, -0.0319020166702116;
2305, 0.051084515005261545;
2306, 0.07289928263783457;
2307, 0.057387658412231056;
2308, -0.06848858475828207;
2309, -0.12267918173927671;
2310, 0.06846493183444521;
2311, 0.045196255261327166;
2312, -0.01942706845738288;
2313, -0.0013181999951500751;
2314, 0.07492590594982743;
2315, 0.06485279940402125;
2316, -0.006271752806200161;
2317, -0.10968787056348529;
2318, -0.09982816071041199;
2319, -0.04785039917691433;
2320, -0.023851213603491028;
2321, 0.04330910232713479;
2322, 0.03128221500993454;
2323, 0.01997243938279121;
2324, -0.05173396781544086;
2325, -0.033820558817498125;
2326, 0.10124762061404004;
2327, 0.12584406645174123;
2328, -0.03221565971345409;
2329, -0.05300384327055063;
2330, 0.06790129008347526;
2331, 0.043679526264337756;
2332, 0.007308918598937895;
2333, -0.025422614921969806;
2334, -0.06350759400051115;
2335, -0.060218637248137384;
2336, 0.006970213447689797;
2337, 0.10431615209877722;
2338, 0.10896108261423715;
2339, 0.07411216627235298;
2340, -0.01700481963882353;
2341, -0.07738507456100288;
2342, -0.11619589380662865;
2343, -0.07438255478567721;
2344, -0.037907106177170254;
2345, 0.03424222474308842;
2346, -0.015920384077967364;
2347, 0.016645436739374023;
2348, -0.018474444694881274;
2349, -0.053490605039918385;
2350, -0.03928583087521126;
2351, -0.026618422519276458;
2352, -0.0062833326088512385;
2353, 0.02318906356520334;
2354, 0.05106670419402974;
2355, 0.023462881717792032;
2356, -0.09592320799700567;
2357, -0.08723378708809161;
2358, 0.009870960429782437;
2359, 0.06469868419596486;
2360, 0.06755634039381321;
2361, 0.022707472967479932;
2362, -0.02358967845796258;
2363, -0.036638802264228;
2364, -0.037400330662185774;
2365, -0.07856893149946043;
2366, -0.08439102342052293;
2367, 0.029420122796072562;
2368, 0.025782370412211347;
2369, 0.0048523754692467065;
2370, 0.00690851046978391;
2371, 0.033055557762344596;
2372, 0.06117933866799624;
2373, 0.04489932052136761;
2374, -0.016086676135930972;
2375, -0.07639646282978405;
2376, -0.08849448307173285;
2377, -0.034169170582021166;
2378, 0.014180198436860206;
2379, 0.03469277720954406;
2380, -0.001571773978654572;
2381, 0.00755895685540865;
2382, 0.03989785739132535;
2383, 0.06747052655925344;
2384, 0.045794509794888076;
2385, -0.0067444102448035986;
2386, -0.030695208971569972;
2387, 0.015714514135536112;
2388, 0.005334834057809647;
2389, 0.025402310458398036;
2390, -0.02523944942737409;
2391, -0.08176169113756722;
2392, -0.10094911780110097;
2393, -0.08209262392000274;
2394, 0.007924791056877371;
2395, 0.11609498900423515;
2396, 0.1485622522717891;
2397, 0.14461152015343248;
2398, -0.02483411990811231;
2399, -0.29814239899693284;
2400, -0.2727956926839231;
2401, -0.06145458057534332;
2402, 0.2939615209461419;
2403, 0.39995741224801684;
2404, 0.005608527666548864;
2405, -0.30392598640029733;
2406, -0.19927808279071474;
2407, -0.05261088140653648;
2408, 0.1045272313739209;
2409, 0.15695337158066855;
2410, 0.16192817330703366;
2411, 0.06936607145923658;
2412, 0.04066934999107898;
2413, 0.06892026276046273;
2414, -0.026087794255225873;
2415, -0.08668743854550269;
2416, -0.06018617258676084;
2417, -0.033128799259564266;
2418, -0.023046613848741807;
2419, 0.028274128575531632;
2420, 0.05622481087634846;
2421, 0.029863644606111687;
2422, -0.022900275172523587;
2423, -0.03811367897709188;
2424, -0.018443013851531034;
2425, 0.011850917612370209;
2426, 0.06919883161910925;
2427, 0.10415949050672313;
2428, 0.10519802662872392;
2429, 0.035538153800136404;
2430, -0.045811467185869974;
2431, -0.07126249198227287;
2432, -0.030927380909800798;
2433, -0.0032077324453969754;
2434, 0.010844272348049478;
2435, -0.015113115823802576;
2436, -0.048729543455898944;
2437, -0.023760478378823464;
2438, -0.005724654919001572;
2439, 0.020786158938975213;
2440, 0.03973834828975449;
2441, 0.0774394575522124;
2442, 0.10933982080741951;
2443, 0.11023778543134617;
2444, -0.016795103754566883;
2445, -0.07254609848351731;
2446, -0.027284418499389545;
2447, 0.009900861361221256;
2448, 0.044053837773622234;
2449, 0.08190073202989233;
2450, 0.08657130678310557;
2451, 0.059819222694428825;
2452, -0.0018734242471055438;
2453, -0.0767839267246435;
2454, -0.1326181764150792;
2455, 0.1062229080267262;
2456, 0.10181750412807354;
2457, -0.0021419897715154617;
2458, -0.057117106847070456;
2459, -0.09745337662833713;
2460, -0.0978265779974591;
2461, -0.04122782334575499;
2462, -0.029452629087705202;
2463, 0.052206461508370335;
2464, 0.0821740943311768;
2465, 0.03890047694049812;
2466, -0.027248480486979636;
2467, -0.009539120801601682;
2468, -0.04606320118143892;
2469, -0.03354744560391261;
2470, -0.018874852824035258;
2471, 0.002133305006256854;
2472, 0.017782973079552053;
2473, 0.0044245069824173575;
2474, 0.023952948929493578;
2475, 0.059421376213699764;
2476, 0.07926024006295326;
2477, 0.051301221303353815;
2478, -0.010462144064345945;
2479, -0.05264570511575831;
2480, 0.09731595515297403;
2481, 0.020092578751174886;
2482, -0.03550957809851654;
2483, -0.04463658503678848;
2484, -0.04306568119987001;
2485, -0.041775004493465766;
2486, 0.00918135038073818;
2487, 0.09754874460667022;
2488, 0.06649196298418025;
2489, 0.026606428842496053;
2490, -0.012800739658636756;
2491, -0.004939595296322255;
2492, 0.04716624754828148;
2493, 0.06647802378676511;
2494, 0.01979245860278661;
2495, -0.009835270811233884;
2496, -0.025356487341678835;
2497, -0.008825275698972868;
2498, -0.024758810774840018;
2499, -0.0449435734835945;
2500, -0.04753601025825017;
2501, -0.014625860735900118;
2502, 0.04006886476962909;
2503, 0.04214465341406781;
2504, 0.02468347596957647;
2505, 0.06924692844164873;
2506, 0.0842679047134782;
2507, -0.03493971401193588;
2508, -0.07314559498638501;
2509, -0.040533083755322476;
2510, 0.01097206335750305;
2511, -0.1264828966082408;
2512, -0.09770523967769994;
2513, -0.02667086068368884;
2514, 0.10042993300061277;
2515, 0.09274525138412795;
2516, 0.03432601257185165;
2517, -0.058221311228870004;
2518, -0.11577150109926425;
2519, -0.12835917225035368;
2520, -0.06681540925889505;
2521, -0.05026732001653138;
2522, -0.021575064781014966;
2523, -0.0006992462738058717;
2524, -0.004706968061857287;
2525, -0.03007842619869726;
2526, -0.057163510705862154;
2527, -0.09148158577555209;
2528, -0.08026485446461427;
2529, -0.07869481792469774;
2530, -0.05398472565088819;
2531, -0.018357490041088716;
2532, 0.017962622899020713;
2533, 0.04862507579742149;
2534, 0.05701958797217254;
2535, 0.04225212677703518;
2536, -0.06259610648173027;
2537, -0.10835042226436054;
2538, -0.07157415273148772;
2539, 0.02761055270097275;
2540, 0.08261110100613737;
2541, 0.011004692458391167;
2542, -0.1156293545898346;
2543, -0.1769975558529729;
2544, -0.1451489736979695;
2545, -0.07341447093373785;
2546, 0.002777476810299492;
2547, 0.054371306984318475;
2548, 0.04132799753715405;
2549, -0.027592179881283693;
2550, -0.13779022923318907;
2551, -0.09863087454517644;
2552, 0.045895347988871814;
2553, 0.027060579550753337;
2554, -0.04565216207255398;
2555, -0.08006088702488647;
2556, -0.055495830400279424;
2557, -0.007504573864199121;
2558, 0.020427809857552017;
2559, 0.01678885921615293;
2560, -0.016108967056555987;
2561, -0.004029102810045756;
2562, 0.01969134287376225;
2563, 0.05435835581164793;
2564, -0.008126587478749923;
2565, -0.016512360768909443;
2566, -0.07437032936713789;
2567, -0.0006858883041495408;
2568, 0.041453171391174576;
2569, -0.016054046341205254;
2570, 0.0087012903887638;
2571, 0.1478123040234012;
2572, 0.09432475880730565;
2573, -0.11246835536793878;
2574, -0.1823071342220861;
2575, 0.12019423012282764;
2576, 0.05483906454177976;
2577, -0.028000028724876704;
2578, -0.0009838475647115444;
2579, 0.0192945739228284;
2580, -0.061074562251786105;
2581, -0.14263158517364793;
2582, -0.11445944031798022;
2583, 0.04227826433332319;
2584, -0.028619015819809544;
2585, -0.016815367975557768;
2586, 0.038613051938705414;
2587, 0.048965271311837706;
2588, 0.07802278763896396;
2589, 0.0468786588008148;
2590, 0.020185960272454763;
2591, -0.03148845684932022;
2592, -0.13945685490561743;
2593, -0.09580958515137576;
2594, -0.015641892929132227;
2595, 0.06228965922825346;
2596, 0.07763412062970342;
2597, 0.15559446288452786;
2598, 0.033333387683945455;
2599, -0.06253241912828394;
2600, -0.03976315992238594;
2601, -0.08064656922110727;
2602, -0.12284766632406122;
2603, -0.0748270479683585;
2604, -0.04213302192051542;
2605, 0.025033249218244503;
2606, -0.01924035675880564;
2607, 0.034576794622231274;
2608, 0.056905447523691866;
2609, 0.05186920370235907;
2610, 0.03375331554634386;
2611, 0.035490098607853016;
2612, -0.024322754657393572;
2613, -0.023469498153160417;
2614, 0.035113469680979364;
2615, 0.04522059508438955;
2616, 0.030684409389301837;
2617, 0.05868431252957266;
2618, 0.04164365687246665;
2619, -0.021235925287428296;
2620, -0.05324579831896332;
2621, -0.08447950852984867;
2622, -0.018861701826135467;
2623, 0.03894625634544842;
2624, -0.03112282802378156;
2625, -0.1554452045396823;
2626, -0.13861333571828444;
2627, -0.08903086810636351;
2628, -0.022426873246173686;
2629, -0.032579343712195605;
2630, -0.018234166651951527;
2631, -0.01775890385315427;
2632, -0.016601350992009108;
2633, -0.015239417163925621;
2634, 0.015018493720891129;
2635, 0.03935084207080134;
2636, -0.01662037463136842;
2637, -0.06758314056501069;
2638, -0.183530980490709;
2639, -0.1340954052374123;
2640, 0.07765633037132905;
2641, 0.16099527395986893;
2642, 0.012612053298245503;
2643, -0.10276582054674473;
2644, -0.040533125385578565;
2645, -0.005684560819358374;
2646, -0.015170931923464578;
2647, 0.1414582433440419;
2648, -0.02105374226687638;
2649, -0.09028137855401398;
2650, -0.06498789652341914;
2651, 0.01750522641846338;
2652, 0.055781268251181286;
2653, 0.03602983487809915;
2654, -0.03493291093425268;
2655, -0.11124823500723621;
2656, -0.11398185802008098;
2657, 0.05926108238180156;
2658, 0.12719434380811867;
2659, 0.07705538721706214;
2660, -0.017716638041818215;
2661, -0.008220900130091082;
2662, 0.024003072451667187;
2663, 0.06394158248190497;
2664, 0.09535229066494587;
2665, 0.05442458677374153;
2666, 0.007519007073986575;
2667, 0.012218497509244433;
2668, 0.07478082450734322;
2669, 0.007063254294707314;
2670, -0.07786427350051373;
2671, 0.0396415121510565;
2672, 0.0337618344844157;
2673, -0.045670361432842636;
2674, 0.04779986004601739;
2675, 0.09700764147634905;
2676, 0.05900856365590526;
2677, -0.020723215379437755;
2678, -0.07200475251003559;
2679, -0.051389720289431576;
2680, -0.06536794884501884;
2681, -0.0292497357085846;
2682, 0.01587191466463585;
2683, -0.04345963802700478;
2684, 0.04752575256314885;
2685, 0.07700567722209904;
2686, 0.06238318853694246;
2687, 0.08195183039389613;
2688, -0.11826478570530795;
2689, -0.09339441972089065;
2690, 0.012092973961072727;
2691, 0.05259624143314377;
2692, 0.04493331578849319;
2693, 0.003701935831192642;
2694, -0.03311990773070039;
2695, -0.015388794848838632;
2696, 0.06255793847526897;
2697, 0.07051535793919686;
2698, -0.014301092006716764;
2699, -0.04410235089872264;
2700, -0.0227747592565655;
2701, 0.048775571948548195;
2702, 0.07491579673597283;
2703, -0.017502662688525652;
2704, -0.06374241223535429;
2705, -0.04931447977669809;
2706, -0.021259436668394437;
2707, 0.029666934707696102;
2708, 0.13850829564378572;
2709, 0.024334100983691726;
2710, -0.14845875945514184;
2711, -0.09138816054250329;
2712, -0.00650458666550287;
2713, 0.028535601275675938;
2714, 0.047314136257701554;
2715, 0.04586545815883462;
2716, 0.026784672946983976;
2717, -0.03416594423717395;
2718, -0.08397043294321505;
2719, -0.04491168470742724;
2720, 0.047073527254235865;
2721, 0.08591085387159127;
2722, 0.02837315515953772;
2723, 0.006142846452802096;
2724, 0.008039099414057614;
2725, -0.06936069976852537;
2726, -0.05667484782146615;
2727, -0.10586840558096601;
2728, -0.0762205756916286;
2729, -0.020596086984893666;
2730, 0.058433302900459734;
2731, 0.06048075174806313;
2732, -0.02444351362275543;
2733, 0.0014133807067145338;
2734, -0.024255426738051918;
2735, 0.008095632607994348;
2736, 0.04343666228866704;
2737, 0.029301140748808272;
2738, -0.0032530585662421847;
2739, -0.0072576835489266;
2740, -0.017371435101431597;
2741, -0.05128912771395879;
2742, -0.1083509981495698;
2743, -0.11940825782616724;
2744, -0.010827606368860236;
2745, 0.02813639140405983;
2746, 0.05913316995076771;
2747, 0.0267856241983357;
2748, -0.015589164046764793;
2749, -0.043074076634848774;
2750, -0.05526853614038749;
2751, -0.10192726229826282;
2752, -0.13101049918527854;
2753, -0.09806822081895109;
2754, 0.0019266907148466571;
2755, 0.13724544876357966;
2756, 0.1829263287744618;
2757, 0.05511314427114424;
2758, -0.13127131273970138;
2759, -0.14215712514495568;
2760, -0.07505702737976844;
2761, 0.005004813671820157;
2762, 0.07803353518341198;
2763, 0.08800867185987922;
2764, 0.059588126204480396;
2765, -0.006540276977889026;
2766, -0.1429178695064237;
2767, -0.03571420815315383;
2768, 0.027962531659376108;
2769, 0.1414486198165084;
2770, 0.10789259352297742;
2771, 0.04723734855650036;
2772, -0.005066173200113276;
2773, 0.03303811607271682;
2774, 0.0349499238322427;
2775, -0.0199071902009038;
2776, -0.08205880627530317;
2777, -0.09233989064217411;
2778, -0.07965282725466258;
2779, -0.030700616047998855;
2780, 0.007861547759496044;
2781, 0.06236995358469289;
2782, 0.33079665149810467;
2783, -0.07240234920922808;
2784, -0.10257349570197095;
2785, -0.02028806818924934;
2786, 0.031217947608253326;
2787, 0.0425503860529761;
2788, 0.0392845070330675;
2789, 0.03391377589926644;
2790, 0.008374909180994441;
2791, -0.005723745297905938;
2792, 0.00934164629414919;
2793, 0.008431236305163516;
2794, -0.0840053607280771;
2795, -0.13259093635084232;
2796, -0.05393509822259968;
2797, 0.11669030166636549;
2798, -0.021094839655691415;
2799, 0.01623973462932021;
2800, 0.18565121637190304;
2801, 0.17831119858398847;
2802, -0.03331990503167213;
2803, -0.07035233316249896;
2804, -0.15302847103621767;
2805, -0.07114713454263909;
2806, -0.08606746689501325;
2807, -0.05593211548413438;
2808, 0.08675275641731264;
2809, 0.10778628372566786;
2810, 0.03351030794628962;
2811, -0.09055835158617695;
2812, -0.16346395508456163;
2813, -0.0746116641247348;
2814, 0.0866071615350033;
2815, -0.04377313883353896;
2816, -0.04223709339772239;
2817, 0.013143704972758375;
2818, -0.054241878518125244;
2819, -0.017137654847640377;
2820, 0.07748921264661959;
2821, 0.08996224794918084;
2822, -0.028022373070997038;
2823, -0.11782292216713652;
2824, -0.07128991244428615;
2825, -0.1992341212402805;
2826, -0.008864956965243143;
2827, 0.10510097956339506;
2828, -0.043669930490308324;
2829, -0.09850857872952715;
2830, 0.1040018644804029;
2831, 0.006815749239319819;
2832, -0.07228514616157417;
2833, 0.005730196599925156;
2834, 0.06674055112006377;
2835, 0.05093166258163997;
2836, -0.029124180243883222;
2837, -0.09031555005589034;
2838, -0.10790628293885601;
2839, -0.0688487419804949;
2840, 0.004784799849881297;
2841, -0.03263529893941025;
2842, 0.02536633012189443;
2843, -0.024378997133375258;
2844, -0.025882534889883985;
2845, -0.014030913726185801;
2846, 0.028058519234687412;
2847, 0.035478354018771564;
2848, -0.0028452889589032702;
2849, 0.011414902431342255;
2850, -0.030777423870490494;
2851, -0.07113321616035198;
2852, -0.09361157701342392;
2853, -0.0749404418475799;
2854, -0.023741454739464155;
2855, 0.06018480850203619;
2856, 0.12726952111224665;
2857, 0.10464608575506652;
2858, -0.03744631821841654;
2859, -0.14361421880009184;
2860, -0.1023146873382166;
2861, 0.028838078390396676;
2862, -0.015402111673925191;
2863, 0.03497943621462465;
2864, 0.2070266113432942;
2865, -0.16323257412119657;
2866, -0.05730693110112826;
2867, 0.020924929234635722;
2868, 0.05164947921070006;
2869, 0.03552022711802514;
2870, -0.04932445716140838;
2871, -0.16298635890991037;
2872, -0.18295757922003564;
2873, -9.966782177906968e-06;
2874, 0.03813456348889854;
2875, 0.11821716069233752;
2876, 0.18345433918924176;
2877, 0.04283598626187672;
2878, -0.074190042604751;
2879, -0.049560715803112346;
2880, 0.017642115026548482;
2881, -0.45079433824354104;
2882, -0.6527167263326531;
2883, -0.7986709124439739;
2884, -0.8348522537007477;
2885, -0.7820552364808432;
2886, -0.5641159195868586;
2887, -0.28243307615433155;
2888, -0.05148641349758366;
2889, 0.06111903724204549;
2890, 0.1495942524435833;
2891, 0.21299022185075697;
2892, 0.23581225434462894;
2893, 0.239198459375236;
2894, 0.19788914480317893;
2895, 0.12128988295618807;
2896, 0.08144891330981385;
2897, 0.044489047409194786;
2898, -0.017718705677870837;
2899, -0.06854267980688696;
2900, -0.08843647824824323;
2901, -0.08220740547442724;
2902, -0.011410291186642349;
2903, 0.0257087368967468;
2904, 0.024142090447351446;
2905, 0.0210486966798379;
2906, -0.014602411800318118;
2907, -0.056695683764640716;
2908, -0.03681129723034947;
2909, 0.05078189357231968;
2910, 0.07706282862533877;
2911, 0.04166615525053452;
2912, -0.05051959243007913;
2913, -0.1282986279812424;
2914, -0.15647252824604202;
2915, -0.058945951750741334;
2916, 0.10140766813358969;
2917, 0.06132143660879379;
2918, -0.03445214808478793;
2919, -0.04076521545097241;
2920, -0.08952693423796805;
2921, -0.09216221964754508;
2922, -0.07181964357631793;
2923, -0.024223168146443028;
2924, 0.023438191506740855;
2925, -0.024037873264248152;
2926, -0.044342422178047125;
2927, -0.06363941620642974;
2928, -0.0812360605857606;
2929, -0.05409663471764226;
2930, -0.0028444618350984617;
2931, 0.0355962391087878;
2932, 0.023490961325526784;
2933, -0.03692004239764048;
2934, -0.03888100785739861;
2935, -0.028955819162191792;
2936, -0.013231317234381361;
2937, 0.017373218264067583;
2938, 0.046253479899125725;
2939, 0.053277458128722074;
2940, 0.036861297249430006;
2941, 0.007567558707073872;
2942, -0.017783635000623934;
2943, 0.013170544692699153;
2944, -0.00870079429487869;
2945, -0.08937238885059869;
2946, -0.045372825829520146;
2947, -0.030535512533846697;
2948, 0.00959606752274894;
2949, -0.027431667490540997;
2950, -0.0012481482081522519;
2951, -0.0024331097360714617;
2952, 0.0376455710316418;
2953, 0.037332428939147635;
2954, -0.12074870350373071;
2955, -0.02794054186427017;
2956, 0.11759736250124847;
2957, 0.04408309690527961;
2958, -0.08552682169750908;
2959, -0.07655814503072296;
2960, 0.03930067761220924;
2961, 0.04319074126452389;
2962, -0.08366948435273051;
2963, -0.10916985141016768;
2964, -0.06302008982490974;
2965, -0.09574703569159598;
2966, 0.015177796752694319;
2967, 0.0901920608395664;
2968, -0.004004826889426467;
2969, -0.05202581672578105;
2970, -0.04571031260193992;
2971, -0.00580151547315093;
2972, 0.04733465858628022;
2973, 0.08951459780541249;
2974, -0.03435491992784505;
2975, -0.24083733154360237;
2976, -0.12625254946290204;
2977, -0.0123145593251791;
2978, 0.019764997898192447;
2979, 0.09604454631676482;
2980, 0.058757699732688656;
2981, -0.010194240183472864;
2982, -0.04540394860897529;
2983, -0.13062998476783622;
2984, -0.051147480767602255;
2985, 0.02254618556013631;
2986, 0.04392356976393112;
2987, 0.004003420758143164;
2988, -0.05191866738497361;
2989, -0.022385145158978836;
2990, 0.17479704989965547;
2991, 0.09229653966882924;
2992, -0.14821194754351827;
2993, -0.2814865637134244;
2994, -0.1093129623538635;
2995, 0.16652735910942335;
2996, 0.21363513002464612;
2997, -0.035178275500639386;
2998, -0.11428251866796087;
2999, -0.1116322671813184;
3000, -0.08865879075415603;
3001, -0.05719171520436519;
3002, -0.026270619075559228;
3003, 0.02741369709666084;
3004, 0.0383671496481775;
3005, -0.01412595005014538;
3006, -0.06320883793684753;
3007, -0.10007162138642005;
3008, -0.07767407179880069;
3009, -0.0008527595777429248;
3010, 0.08196400724380333;
3011, 0.049422628243651755;
3012, -0.14083435844947972;
3013, -0.245832962274766;
3014, -0.2605823954875023;
3015, 0.11378475957260853;
3016, 0.12995220256838558;
3017, -0.03244911386357258;
3018, -0.07279712892775829;
3019, -0.10432723268527398;
3020, -0.08979657340668261;
3021, -0.044499243352749566;
3022, -0.004730375575334476;
3023, 0.03846218666597468;
3024, 0.03549572354928878;
3025, -0.006148802007855005;
3026, -0.02713892838655802;
3027, 0.005449472681688228;
3028, -0.09874095188066244;
3029, -0.1870745201358437;
3030, -0.053807890036731414;
3031, 0.1405700965221772;
3032, 0.0762085410784297;
3033, -0.1137262621244218;
3034, -0.1157163895785731;
3035, -0.05814993268561049;
3036, -0.017354112058033687;
3037, -0.030208655353482678;
3038, -0.017920067757404817;
3039, 0.08900324643144579;
3040, 0.06014876780166125;
3041, -0.0022592751776926772;
3042, -0.0588457858853935;
3043, -0.08667721831763185;
3044, -0.0966048409951449;
3045, -0.061228591423979906;
3046, -0.03205714279965346;
3047, -0.002831972411351752;
3048, -0.0031103805078259847;
3049, -0.023077608962078274;
3050, -0.040277381008672654;
3051, -0.002158945705438393;
3052, -0.016529971061074396;
3053, -0.09827768345248317;
3054, -0.14022494006890987;
3055, -0.0062780389748702085;
3056, 0.23309045432451458;
3057, 0.2131630082286711;
3058, -0.1813847673297129;
3059, -0.25456345143131587;
3060, -0.04298989609400306;
3061, 0.34379954976184196;
3062, 0.2500386172663083;
3063, -0.0636010990248841;
3064, -0.21343749038384452;
3065, -0.17462865551375917;
3066, -0.030039220211184048;
3067, 0.12202046619711669;
3068, 0.0969178588907084;
3069, 0.027005513823343884;
3070, -0.10507663974033267;
3071, -0.12844060103127164;
3072, -0.03825193305757683;
3073, 0.021982711024028326;
3074, 0.031077832655321012;
3075, 0.03161480051353696;
3076, 0.033196417203023375;
3077, -0.0030010354485446736;
3078, -0.016410203589645154;
3079, -0.03899236879244747;
3080, -0.007410406224916686;
3081, 0.04077944189715461;
3082, 0.031746146053023276;
3083, 0.04813161849519877;
3084, 0.024510096360513024;
3085, -0.019580550885546666;
3086, -0.04375326732463055;
3087, -0.08143903583771818;
3088, -0.10317762010164097;
3089, -0.08699305319385764;
3090, -0.04293681612980924;
3091, 0.01633262005671498;
3092, 0.05253156189192723;
3093, 0.09331886080608179;
3094, 0.06950230230927541;
3095, 0.03454693601488615;
3096, 0.016784227156324976;
3097, 0.017178514943995683;
3098, 0.02005399374831506;
3099, 0.032898901720991316;
3100, 0.024872870738158907;
3101, -0.028765457877830393;
3102, -0.0968830004896065;
3103, -0.06722553388982115;
3104, -0.01204409102053069;
3105, 0.03480094441011297;
3106, 0.060243348274316606;
3107, 0.052046659607331625;
3108, 0.02744839591511438;
3109, -0.009434593473090497;
3110, -0.0316827480298568;
3111, 0.02971151585510853;
3112, -0.008169783726309651;
3113, -0.04666737137439064;
3114, -0.0077348432997265005;
3115, 0.016887203063959095;
3116, -0.009709011101366934;
3117, -0.009451942188479666;
3118, 0.05936354138042251;
3119, 0.015467040302840686;
3120, -0.010007269683470245;
3121, 0.0015040743011260048;
3122, 0.0065209223779937745;
3123, -0.004631121273827555;
3124, -0.0995486135407473;
3125, -0.15753707633972494;
3126, 0.13191493731402767;
3127, 0.2708138149588542;
3128, -0.06610698025258395;
3129, -0.07812096565958336;
3130, 0.06064700286960825;
3131, 0.10847531997101563;
3132, 0.02666416237548347;
3133, -0.02161824090728425;
3134, 0.09460833717343536;
3135, 0.06047860154533592;
3136, 0.05645053012488487;
3137, 0.028615500144682483;
3138, 0.0023440549166910923;
3139, -0.02054861045316997;
3140, 0.034410542806848556;
3141, 0.11364778909168644;
3142, 0.05332844825406002;
3143, -0.0041685756162778325;
3144, -0.0819791634323716;
3145, -0.06135179200386162;
3146, -0.008756128537439945;
3147, 0.08097899097903573;
3148, 0.09187714953057202;
3149, 0.0008025120667899177;
3150, -0.05486281460288084;
3151, -0.0558611983428799;
3152, -0.03283996923662842;
3153, 0.051246713421376;
3154, 0.07385113068989764;
3155, 0.05875066699475934;
3156, -0.06695444737586977;
3157, -0.12113048070560786;
3158, 0.06970006684084534;
3159, 0.04586308176504931;
3160, -0.019372333690509367;
3161, -0.0017879828645702895;
3162, 0.07401423803327013;
3163, 0.06354752435448038;
3164, -0.007907504786872343;
3165, -0.11152647776220997;
3166, -0.10186146567850778;
3167, -0.04961248996494004;
3168, -0.025332914209166158;
3169, 0.042167595848200685;
3170, 0.0304703153897794;
3171, 0.01935888295476571;
3172, -0.05258581999236848;
3173, -0.035627814964196765;
3174, 0.09824551020289927;
3175, 0.12211628516989081;
3176, -0.03622094134404461;
3177, -0.056737418096373976;
3178, 0.06472163634382415;
3179, 0.04101574980132828;
3180, 0.0051476156496319935;
3181, -0.02709773732966677;
3182, -0.06480832025073625;
3183, -0.061264528048714614;
3184, 0.006120762642701146;
3185, 0.10363799522702175;
3186, 0.10844587350320582;
3187, 0.07375402464837265;
3188, -0.01722582564853261;
3189, -0.07750699570434733;
3190, -0.11633609063239794;
3191, -0.07461356801511344;
3192, -0.03823067387346532;
3193, 0.03383247062144155;
3194, -0.01639184187135772;
3195, 0.01616785791066279;
3196, -0.01888477817092544;
3197, -0.05378042794446205;
3198, -0.03947656336268948;
3199, -0.026789635967347864;
3200, -0.006562650465188624;
3201, 0.022660514038607;
3202, 0.050179244271390554;
3203, 0.022200201358610346;
3204, -0.09741620080964603;
3205, -0.08869815909966801;
3206, 0.008750690238318993;
3207, 0.06394935762606795;
3208, 0.06702011910485653;
3209, 0.022288124459478826;
3210, -0.023921931613353865;
3211, -0.03691224782602466;
3212, -0.037641435759536566;
3213, -0.07880672699145182;
3214, -0.0846126906574663;
3215, 0.029251885911311806;
3216, 0.025649866163930442;
3217, 0.004744023014038173;
3218, 0.006817692678441762;
3219, 0.03297946251106974;
3220, 0.06110588901949611;
3221, 0.04480465748203768;
3222, -0.01621665828453024;
3223, -0.07656788304146071;
3224, -0.08869799257864362;
3225, -0.03436560988377214;
3226, 0.014031089267098996;
3227, 0.03459863038538967;
3228, -0.001615880124844975;
3229, 0.007553456110903557;
3230, 0.03991344861606978;
3231, 0.06749149155622189;
3232, 0.04581047499809975;
3233, -0.006739778184975648;
3234, -0.03069438122331132;
3235, 0.015714596702210697;
3236, 0.005341285567980144;
3237, 0.02540718952441214;
3238, -0.025236637303575008;
3239, -0.08175300845382141;
3240, -0.10093488719189317;
3241, -0.0820737654139926;
3242, 0.007951838234261014;
3243, 0.11612881358731075;
3244, 0.14860063536790685;
3245, 0.1446528798128609;
3246, -0.024793053741989344;
3247, -0.29810629862652416;
3248, -0.2727656009471438;
3249, -0.06142914795805849;
3250, 0.293984389833489;
3251, 0.3999784355273438;
3252, 0.005625649150123526;
3253, -0.3039149058138006;
3254, -0.19927204640358126;
3255, -0.05260632983187031;
3256, 0.10452963205202229;
3257, 0.1569558971495382;
3258, 0.161931462097265;
3259, 0.06936909936652974;
3260, 0.04067225508911668;
3261, 0.06892262874668402;
3262, -0.026085768249429347;
3263, -0.08668461462646437;
3264, -0.06018253410237831;
3265, -0.03312414707844587;
3266, -0.02304129905271393;
3267, 0.02827991865031657;
3268, 0.056230972154250235;
3269, 0.02986984751426955;
3270, -0.022893657349480002;
3271, -0.038106814147862135;
3272, -0.01843614902230129;
3273, 0.011857121214365673;
3274, 0.0692039590789847;
3275, 0.10416370903934055;
3276, 0.10520149581673167;
3277, 0.03554138014498361;
3278, -0.04580857388307151;
3279, -0.07126001498203532;
3280, -0.030925313273748176;
3281, -0.003205664601193075;
3282, 0.010846092284078346;
3283, -0.015111379148285895;
3284, -0.048728055174243605;
3285, -0.02375932036386648;
3286, -0.005723827864580523;
3287, 0.020786985993396262;
3288, 0.039739340477524705;
3289, 0.07744078278203137;
3290, 0.10934147907928722;
3291, 0.11023943676483787;
3292, -0.016793449645724785;
3293, -0.07254461367104999;
3294, -0.027283012784408804;
3295, 0.009902019029259444;
3296, 0.04405507974292901;
3297, 0.08190147859915159;
3298, 0.08657130678310557;
3299, 0.059818725906706116;
3300, -0.0018737550688739631;
3301, -0.07678425976669224;
3302, -0.13261850251875193;
3303, 0.10622274150570184;
3304, 0.10181701150337644;
3305, -0.002142237887841776;
3306, -0.057117356628607015;
3307, -0.09745354314936149;
3308, -0.09782666125797128;
3309, -0.04122798847910416;
3310, -0.029452751896960675;
3311, 0.05220638102320855;
3312, 0.08217392781015243;
3313, 0.03890031041947375;
3314, -0.027248687250584894;
3315, -0.00953924499853236;
3316, -0.04606320118143892;
3317, -0.03354736234340042;
3318, -0.018874852824035258;
3319, 0.0021334704171410636;
3320, 0.01778322147341341;
3321, 0.004424672462685327;
3322, 0.023953195935679728;
3323, 0.059421542734724137;
3324, 0.07926032054811505;
3325, 0.051301221303353815;
3326, -0.010462309197695113;
3327, -0.05264570511575831;
3328, 0.09731599678323012;
3329, 0.020092496184500302;
3330, -0.03550957809851654;
3331, -0.04463662666704457;
3332, -0.04306584772089439;
3333, -0.04177508636630275;
3334, 0.009181019420202241;
3335, 0.09754874460667022;
3336, 0.06649187972366807;
3337, 0.026606264402984484;
3338, -0.01280082222531134;
3339, -0.00493967800176436;
3340, 0.04716624754828148;
3341, 0.06647769421390437;
3342, 0.019792045075576088;
3343, -0.00983560107793222;
3344, -0.025356817608377172;
3345, -0.008825358265647452;
3346, -0.024759059168701372;
3347, -0.044943985623129824;
3348, -0.04753617400392413;
3349, -0.014626191002598456;
3350, 0.04006849217883706;
3351, 0.04214430163840383;
3352, 0.024683269205971206;
3353, 0.06924676192062436;
3354, 0.08426784296193167;
3355, -0.03493975494835437;
3356, -0.0731456366166411;
3357, -0.040533125385578565;
3358, 0.010971938466734771;
3359, -0.12648305619088918;
3360, -0.09770528130795604;
3361, -0.02667102720471321;
3362, 0.10042984974010057;
3363, 0.09274508486310358;
3364, 0.03432601257185165;
3365, -0.058221393795544585;
3366, -0.11577150109926425;
3367, -0.12835908898984147;
3368, -0.06681548974405684;
3369, -0.05026732001653138;
3370, -0.021575148041527152;
3371, -0.0006994117540738415;
3372, -0.004707133542125257;
3373, -0.030078508765371843;
3374, -0.057163510705862154;
3375, -0.09148133599401552;
3376, -0.08026493772512645;
3377, -0.07869473466418556;
3378, -0.05398472565088819;
3379, -0.018357407474414132;
3380, 0.017962622899020713;
3381, 0.04862507579742149;
3382, 0.057019424920336174;
3383, 0.04225187907701143;
3384, -0.06259618974224246;
3385, -0.1083505887853849;
3386, -0.07157439973767388;
3387, 0.02761030291943619;
3388, 0.08261093795430101;
3389, 0.011004651521972674;
3390, -0.1156294378503468;
3391, -0.1769976946204932;
3392, -0.1451490153282256;
3393, -0.07341436685809762;
3394, 0.002777518163020544;
3395, 0.05437159492692312;
3396, 0.041328018352282093;
3397, -0.027591950914875183;
3398, -0.1377900210819086;
3399, -0.09863072883928012;
3400, 0.04589553254967383;
3401, 0.02706076549923055;
3402, -0.0456520406509737;
3403, -0.08006088702488647;
3404, -0.055495830400279424;
3405, -0.0075045322339430285;
3406, 0.020427809857552017;
3407, 0.016788775955640742;
3408, -0.01610900799297448;
3409, -0.004029061526708464;
3410, 0.019691260307087666;
3411, 0.05435837662677598;
3412, -0.00812660829387797;
3413, -0.016512360768909443;
3414, -0.07437030855200984;
3415, -0.0006860537844175106;
3416, 0.041453213021430665;
3417, -0.01605396377453067;
3418, 0.008701373302357185;
3419, 0.14781238728391338;
3420, 0.09432475880730565;
3421, -0.11246835536793878;
3422, -0.18230709259183003;
3423, 0.12019423012282764;
3424, 0.0548389014899434;
3425, -0.028000091170260845;
3426, -0.0009839716228747016;
3427, 0.019294450419735324;
3428, -0.06107474958793852;
3429, -0.14263166843416014;
3430, -0.1144595235784924;
3431, 0.042278057569717926;
3432, -0.0286192642136709;
3433, -0.01681540960581386;
3434, 0.038613051938705414;
3435, 0.0489653545723499;
3436, 0.07802274600870787;
3437, 0.046878742061326986;
3438, 0.02018608446938544;
3439, -0.031488332652389546;
3440, -0.13945689653587354;
3441, -0.09580962678163187;
3442, -0.015642017126062904;
3443, 0.06228949548257949;
3444, 0.07763407899944733;
3445, 0.15559429636350347;
3446, 0.03333322116292108;
3447, -0.06253241912828394;
3448, -0.03976315992238594;
3449, -0.08064673574213164;
3450, -0.1228477495845734;
3451, -0.07482713122887069;
3452, -0.04213302192051542;
3453, 0.02503316665156992;
3454, -0.019240274192131056;
3455, 0.03457687649506825;
3456, 0.05690561126936583;
3457, 0.05186928696287126;
3458, 0.03375331554634386;
3459, 0.035490016735016026;
3460, -0.02432283791790576;
3461, -0.023469498153160417;
3462, 0.03511355294149155;
3463, 0.045220511823877374;
3464, 0.030684451019557926;
3465, 0.058684333344700704;
3466, 0.04164382269965342;
3467, -0.021235925287428296;
3468, -0.05324581913409136;
3469, -0.08447946689959257;
3470, -0.018861701826135467;
3471, 0.038946297975704515;
3472, -0.031122746150944576;
3473, -0.1554452045396823;
3474, -0.13861341897879664;
3475, -0.08903086810636351;
3476, -0.02242691487642978;
3477, -0.032579343712195605;
3478, -0.018234125021695434;
3479, -0.017758986419828853;
3480, -0.016601268425334523;
3481, -0.015239417163925621;
3482, 0.015018493720891129;
3483, 0.03935084207080134;
3484, -0.016620457198043004;
3485, -0.06758322382552288;
3486, -0.1835310637512212;
3487, -0.13409544686766842;
3488, 0.07765645526209733;
3489, 0.16099530171337298;
3490, 0.012612011667989411;
3491, -0.1027659038072569;
3492, -0.040533083755322476;
3493, -0.005684560819358374;
3494, -0.015170952044755022;
3495, 0.14145828497429802;
3496, -0.021053664557065005;
3497, -0.0902813369237579;
3498, -0.06498793815367525;
3499, 0.017505205603335332;
3500, 0.05578118499066909;
3501, 0.03602983487809915;
3502, -0.034932951870671164;
3503, -0.11124823500723621;
3504, -0.11398185802008098;
3505, 0.05926108238180156;
3506, 0.12719434380811867;
3507, 0.07705522138987536;
3508, -0.017716638041818215;
3509, -0.008220817216497697;
3510, 0.024002824057805832;
3511, 0.06394149922139279;
3512, 0.09535220740443366;
3513, 0.054424256507043196;
3514, 0.007519089640661159;
3515, 0.012218662642593602;
3516, 0.07478086613759931;
3517, 0.007063295231125805;
3518, -0.0778644400215381;
3519, 0.039641718914661755;
3520, 0.03376204055418336;
3521, -0.04567023654207437;
3522, 0.047799776785505205;
3523, 0.0970073986331885;
3524, 0.05900848039539307;
3525, -0.020723380512786924;
3526, -0.07200491625570954;
3527, -0.051389886810455955;
3528, -0.06536786627834426;
3529, -0.029249900841933768;
3530, 0.01587191466463585;
3531, -0.04345980177267875;
3532, 0.04752558881747489;
3533, 0.07700559396158686;
3534, 0.062382980385662;
3535, 0.08195183039389613;
3536, -0.11826491059607623;
3537, -0.09339446135114673;
3538, 0.012092808827723558;
3539, 0.05259632469365595;
3540, 0.044933235303331404;
3541, 0.003701935831192642;
3542, -0.03311999099121258;
3543, -0.01538891904576931;
3544, 0.06255789684501288;
3545, 0.07051527745403509;
3546, -0.014301051070298271;
3547, -0.044102517419747016;
3548, -0.0227747592565655;
3549, 0.04877548938187361;
3550, 0.07491563021494846;
3551, -0.01750262105826956;
3552, -0.06374232966867971;
3553, -0.04931456303721027;
3554, -0.021259436668394437;
3555, 0.029666934707696102;
3556, 0.13850816381464143;
3557, 0.024334142613947823;
3558, -0.14845896760642227;
3559, -0.09138819523438338;
3560, -0.006504710862433548;
3561, 0.028535435448489167;
3562, 0.04731397251202759;
3563, 0.04586537489832244;
3564, 0.026784714577240066;
3565, -0.03416598586743005;
3566, -0.08397055783398333;
3567, -0.044911809598195525;
3568, 0.047073485623979776;
3569, 0.08591085387159127;
3570, 0.028372990026188552;
3571, 0.0061427635392087105;
3572, 0.008039016500464229;
3573, -0.06936078025368714;
3574, -0.05667476456095396;
3575, -0.10586832232045383;
3576, -0.07622049312495402;
3577, -0.020596086984893666;
3578, 0.05843321963994755;
3579, 0.060480669181388544;
3580, -0.02444351362275543;
3581, 0.0014133807067145338;
3582, -0.024255385107795825;
3583, 0.008095632607994348;
3584, 0.04343670391892313;
3585, 0.029301140748808272;
3586, -0.0032529344386952675;
3587, -0.007257642612508109;
3588, -0.017371352534757013;
3589, -0.05128892303186633;
3590, -0.10835095651931372;
3591, -0.11940821619591115;
3592, -0.010827441235511067;
3593, 0.028136474664572017;
3594, 0.05913321158102381;
3595, 0.02678558326191721;
3596, -0.015589247307276979;
3597, -0.04307415989536096;
3598, -0.05526853614038749;
3599, -0.10192726229826282;
3600, -0.13101054081553465;
