1, -0.20867352968445227;
2, -0.18515018553535734;
3, -0.18963628423988843;
4, -0.19981287290818506;
5, -0.19834892366409404;
6, -0.6621360619678073;
7, -0.6169766963735469;
8, -0.5471094419531227;
9, -0.4622309572437297;
10, -0.3702457320906728;
11, -0.7696387371597445;
12, -0.6949584126082616;
13, -0.6290315367618996;
14, -0.5784737892069243;
15, -0.5338387041582064;
16, -0.4994141783079951;
17, -0.4264910778528098;
18, -0.3476016240003622;
19, -0.3208780996491716;
20, -0.30233122509902677;
21, -0.2858124459935917;
22, -0.25686952381520095;
23, -0.24930494220228316;
24, -0.27006642542483134;
25, -0.30425301551237166;
26, 0.13623006511145122;
27, 0.08659400663150814;
28, 0.026136932031417155;
29, -0.03202651588608051;
30, -0.07022323473162025;
31, -0.06708049394754073;
32, -0.023472334577253718;
33, 0.037051265644498343;
34, 0.09399826317039764;
35, 0.1380907938011392;
36, 0.15075268999950658;
37, 0.1351090477610384;
38, 0.0908849777176202;
39, 0.033738283597867756;
40, -0.040666272897353674;
41, 0.3632416642262185;
42, 0.300713464843152;
43, 0.2583838606498005;
44, 0.23740024993401593;
45, 0.23641585539999396;
46, 0.25097882282930223;
47, 0.299332747456681;
48, 0.3206627094414965;
49, 0.3157930116135735;
50, 0.29224134854278927;
51, 0.2633298095334366;
52, 0.2387170442797693;
53, 0.23330620239937158;
54, 0.25225804463223384;
55, -0.20058421093284387;
56, -0.16331529240795936;
57, -0.11887852098318201;
58, -0.06454235859024836;
59, -0.012558909077211295;
60, 0.041530018272604115;
61, 0.10250145824436635;
62, 0.15557853459219445;
63, -0.3004603296019103;
64, -0.300099570282432;
65, -0.2774384769270165;
66, -0.24576529006791945;
67, -0.2117260070764328;
68, 0.2985888861930164;
69, 0.30820670631332614;
70, 0.25256397218789667;
71, 0.21218170733114836;
72, 0.1455288483794938;
73, 0.07787466036128439;
74, -0.013904301373799999;
75, -0.10337911144690436;
76, -0.1741424755795594;
77, -0.20512877385334558;
78, -0.20155839807337983;
79, -0.1691540128005889;
80, -0.11495483342530725;
81, -0.04945395898601315;
82, 0.011182189417413776;
83, 0.05813974058660296;
84, 0.08418928271879911;
85, 0.0899122516751578;
86, 0.0810039671602988;
87, 0.06545708715640255;
88, 0.05121181216620345;
89, 0.040180998597117545;
90, 0.03238490802374944;
91, 0.02711086855304743;
92, 0.020918109892077867;
93, 0.008152123646439123;
94, -0.04846804856273989;
95, -0.06415130685202995;
96, -0.1018951025438453;
97, -0.16122958505448867;
98, -0.2361160867785717;
99, 0.18216387356377672;
100, 0.12254048934863308;
101, 0.07290655149019953;
102, 0.05230528173002128;
103, 0.07266905202764772;
104, 0.14337159795299143;
105, -0.23548289354746366;
106, -0.117483050564774;
107, -0.035047872903745975;
108, 0.063131650136515;
109, 0.06246258187444423;
110, 0.0951597955528081;
111, 0.021523675179127195;
112, -0.04991867238946989;
113, -0.0779910814675056;
114, -0.09715182013882713;
115, -0.11823872237119981;
116, -0.14849075798394337;
117, -0.17725351865265446;
118, -0.20781774222044544;
119, -0.1920949876092034;
120, -0.1681516487895652;
121, 0.3064673299358575;
122, 0.25998718241568464;
123, 0.19701967954517233;
124, 0.1249161232045584;
125, 0.06097086364974435;
126, 0.01666533130081739;
127, 0.010054185177185409;
128, 0.02834718987844602;
129, 0.05630777320663211;
130, 0.08919682500344664;
131, 0.12069712134508281;
132, 0.14539607109206046;
133, 0.1571554957136684;
134, -0.3277303858047219;
135, -0.3444554232548724;
136, 0.10619662600493297;
137, 0.061152842400152896;
138, 0.014716006291346251;
139, -0.021793677985906743;
140, -0.04858534632780521;
141, -0.06525793644502409;
142, -0.09819899623069672;
143, -0.09152068728429937;
144, -0.11791704235193158;
145, -0.1620796092983165;
146, 0.2671230737952187;
147, 0.19238129180601737;
148, 0.12634816571946839;
149, 0.06365770936603182;
150, 0.015012226676682967;
151, -0.012231935621380785;
152, -0.015619092746878328;
153, 0.014282908412107276;
154, 0.03307863535976559;
155, 0.04987494801496763;
156, 0.06122283812973865;
157, -0.42207610621422004;
158, 0.044535968822805194;
159, 0.0074665609061649076;
160, -0.050782675486186084;
161, -0.11741306498170265;
162, -0.18350934195922344;
163, 0.235320326093753;
164, 0.18011714911862933;
165, 0.1421354886897438;
166, 0.10170786891362918;
167, 0.03128880645409634;
168, -0.04271478211438393;
169, -0.17533019611563522;
170, -0.2754212483992288;
171, 0.13687863031187464;
172, 0.10579345425526422;
173, 0.09337116393583801;
174, 0.07312302737491534;
175, 0.0925664479374102;
176, 0.10823410088755366;
177, 0.09672394162659533;
178, 0.0699191497829724;
179, 0.03824830473939882;
180, 0.012660573092889689;
181, -0.0009923220057223802;
182, 0.01730237513414009;
183, 0.0343912635467065;
184, 0.027001585519706366;
185, 0.027945161640950112;
186, 0.03894634028542906;
187, 0.058365081480949724;
188, 0.08516370322916623;
189, 0.11565208160182007;
190, 0.1402003251704202;
191, 0.12468700476290068;
192, 0.08878221914670097;
193, 0.06113581756364179;
194, 0.017463972581074134;
195, -0.017850426933618074;
196, -0.038002886937009546;
197, -0.04535663920047495;
198, -0.024698222241895183;
199, 0.02535174705855718;
200, 0.09456221658724269;
201, 0.17656431666206054;
202, 0.2648857470770746;
203, -0.1304708122195995;
204, -0.051261464134417976;
205, 0.035498070703702624;
206, 0.06784390754445346;
207, 0.08545985969146225;
208, 0.08191658525145788;
209, 0.06981313291261655;
210, 0.0626685703218766;
211, 0.057493352828169655;
212, 0.075040546105698;
213, 0.0821570424229572;
214, -0.3473998504150114;
215, -0.3181475813056052;
216, 0.16957518446680253;
217, 0.1642206455948083;
218, 0.15058214738547787;
219, 0.09469998595976069;
220, 0.05306195195346402;
221, 0.031169784796234525;
222, 0.026063331245265223;
223, 0.04347692435304239;
224, 0.0822650571419983;
225, 0.13227232585125132;
226, -0.2853180367864416;
227, -0.20128054592306074;
228, -0.11501593066176453;
229, -0.041386368994991554;
230, -0.006490900796133569;
231, 0.02230524697820947;
232, 0.039165707926748755;
233, 0.05641850110362368;
234, 0.05939637421917815;
235, 0.05927006533467453;
236, 0.08039510019746385;
237, 0.11422755156617156;
238, 0.10042829705595079;
239, 0.08017030417094034;
240, 0.06243811152566668;
241, 0.06515483771220959;
242, 0.07664026585897028;
243, 0.08240750405765451;
244, 0.08301960268532575;
245, 0.05424504466432222;
246, 0.05456442852738182;
247, 0.09969808792741082;
248, 0.1663304306269493;
249, 0.23437980508799497;
250, 0.2931434041124583;
251, -0.11115436919690717;
252, -0.06386101507505693;
253, -0.0353665008514828;
254, -0.024238135649004667;
255, -0.033606593002126574;
256, -0.05482799945868345;
257, -0.08857039543883738;
258, -0.11938130106471179;
259, -0.141627807841759;
260, -0.14477000071406093;
261, -0.12800274361749364;
262, -0.06971422063164334;
263, -0.07412142917206598;
264, 0.37044708966893314;
265, 0.3350769289697064;
266, 0.2876776290031011;
267, 0.22040504124494684;
268, 0.1440520130621153;
269, 0.07123547130115476;
270, 0.0049063483569812645;
271, -0.04287497325442219;
272, -0.060690200914936564;
273, -0.05503865834669396;
274, -0.00873614382481231;
275, 0.025258021675745045;
276, 0.05702067948416642;
277, 0.0790931349825055;
278, 0.08667379882074672;
279, 0.07967946146360172;
280, 0.06098295220700004;
281, 0.03626361506863927;
282, 0.010391213828785939;
283, -0.0070221992798257735;
284, -0.015227423085932983;
285, -0.01669915369191707;
286, 0.019835086164834436;
287, 0.04761931698484655;
288, 0.05788478911928381;
289, 0.06185891500023907;
290, 0.06006919161831958;
291, 0.05183886878540261;
292, 0.03974012950249991;
293, 0.019252229791662887;
294, -0.006918449546647394;
295, -0.03245005777805793;
296, -0.03986864423923401;
297, -0.030182468066065473;
298, -0.011321031276503805;
299, 0.033830102450624205;
300, 0.059068826470632614;
301, 0.0761182216052014;
302, 0.0847206658244214;
303, 0.08720691190707415;
304, 0.08536475641199465;
305, 0.08107251701158262;
306, 0.0759976262229562;
307, 0.07428664993929213;
308, 0.07767952259635097;
309, 0.08629596291753382;
310, 0.08289604452087587;
311, 0.09872227734457092;
312, 0.07009092925710644;
313, 0.04692889944182756;
314, 0.027738826182725277;
315, 0.012444953573989207;
316, -0.006321532133820855;
317, -0.030643491182235073;
318, -0.04978575710944068;
319, -0.05505568318320508;
320, -0.038829695955891065;
321, -0.006114485912262328;
322, 0.03443942093334995;
323, 0.07382786514419909;
324, 0.1018472921679943;
325, 0.11283401507340812;
326, 0.10002593702743401;
327, 0.07254270763034369;
328, 0.03685738604735048;
329, -0.0002247813749567029;
330, -0.027902449888584924;
331, -0.03859289254422707;
332, -0.031243734622481808;
333, -0.007071609760997584;
334, 0.054517800220458386;
335, 0.10210559198506533;
336, 0.12348563209170012;
337, 0.12545781516881072;
338, 0.11272297567842447;
339, -0.3986155588427443;
340, 0.0489822779711182;
341, 0.01786299034774768;
342, -0.002197269293945917;
343, 0.01070603176036571;
344, 0.05833770922905388;
345, 0.12432639764113831;
346, -0.28649422073564507;
347, -0.2140962226936687;
348, -0.14622516307668187;
349, -0.08801502597317439;
350, -0.04223231941328794;
351, -0.009311152883747198;
352, 0.012208892887179256;
353, 0.0186898602457156;
354, 0.011539281786588107;
355, 0.0008836734034871793;
356, -0.008954574942852928;
357, -0.021059476203950517;
358, -0.02802136500804555;
359, -0.10650016912971189;
360, -0.17578723571025154;
361, -0.23946321894871708;
362, -0.2977713815278393;
363, 0.12366715830756646;
364, 0.06158797262622612;
365, 0.0313359329548768;
366, 0.001440493749683714;
367, -0.04385089139031472;
368, -0.05279418645310959;
369, -0.05149185596363286;
370, -0.046392491782274566;
371, -0.03940624525571181;
372, -0.036023758570792416;
373, -0.04458134302054884;
374, -0.08460139354765392;
375, -0.14291225509960642;
376, -0.18498243321278848;
377, -0.24973383536595495;
378, 0.1667747464925085;
379, 0.11156576976975402;
380, 0.0690904778640471;
381, 0.03917053259434577;
382, 0.04108623205509658;
383, -9.997003480634932e-05;
384, -0.04441735708412513;
385, -0.08270073832380342;
386, -0.12302482712559011;
387, -0.15361729453086384;
388, 0.2598984410007456;
389, 0.20817262670808642;
390, 0.14995081096650495;
391, 0.10168433914673647;
392, 0.049120422764668964;
393, -0.012201787283145206;
394, 0.012725405261297477;
395, 0.04114604372817944;
396, 0.08280240233948181;
397, -0.3562090136307006;
398, -0.3193510898180869;
399, -0.2944533698540208;
400, 0.20259402235860546;
401, 0.20549103485695505;
402, 0.19298437018238737;
403, 0.1804832860907395;
404, 0.17476170720685355;
405, 0.16864219217472906;
406, 0.21215976042050197;
407, 0.18015936876504615;
408, 0.1391505464976071;
409, 0.1074724385790263;
410, 0.08034276447619063;
411, 0.04952623057877874;
412, 0.03565222872627887;
413, 0.040229320357294276;
414, 0.09722191226029968;
415, 0.18134956505063551;
416, 0.27268873119232573;
417, -0.12458364627931755;
418, -0.051270414374769875;
419, 0.007360467531090504;
420, 0.05425705509341705;
421, 0.09070747459471333;
422, 0.11389725208292086;
423, 0.11932496761676512;
424, 0.10836370840388859;
425, 0.09095513071817916;
426, 0.05765912252182483;
427, 0.05444423799106117;
428, 0.06855918201844864;
429, 0.0918500837277685;
430, 0.10200923053781218;
431, 0.09961290793902604;
432, 0.08634338772583762;
433, 0.0719292544430001;
434, 0.055563499994482825;
435, 0.02747470429569175;
436, -0.029930834508954993;
437, -0.0820593670020893;
438, -0.1033091410836046;
439, -0.09596875177960348;
440, -0.06820550902462698;
441, -0.027149876827656756;
442, 0.014108414745371316;
443, 0.0420271467456133;
444, 0.0540308081153344;
445, 0.0881678832126046;
446, 0.09535120954695685;
447, 0.08941675679096696;
448, 0.042483937750626824;
449, 0.026874340111923658;
450, 0.025655043623036188;
451, 0.028179635412907963;
452, 0.03910769624532039;
453, 0.07082359384213113;
454, 0.07845760805308553;
455, 0.10464733442822678;
456, 0.1317813055799107;
457, 0.16914118760638777;
458, 0.2174485498791867;
459, 0.25656084655413586;
460, -0.17710321833485296;
461, -0.12385958695315519;
462, -0.06261091985636086;
463, 0.02158670837053193;
464, 0.10930337710243704;
465, 0.21583544687342132;
466, -0.18388580808299237;
467, -0.11794918650954957;
468, -0.07293098429687381;
469, -0.04632165592129652;
470, -0.03587324517618851;
471, -0.03787887623801744;
472, -0.04849837750893178;
473, -0.05953844368449869;
474, -0.06641949926697774;
475, -0.05958392442064353;
476, -0.03558627739733281;
477, 0.0024241674753227257;
478, 0.032199996930679396;
479, 0.05810100423857955;
480, 0.07344570682585194;
481, 0.09072353043909927;
482, 0.10295459143093882;
483, 0.1012314494765096;
484, 0.08056396356335946;
485, 0.0686120088310188;
486, 0.06981316335215976;
487, 0.070547060738684;
488, 0.07999304963763625;
489, 0.09907093694562774;
490, 0.11658794535746866;
491, 0.12352664328825193;
492, 0.11872457400810528;
493, 0.10220308984193124;
494, 0.07013248430683008;
495, 0.023476295776475326;
496, -0.03349101912985775;
497, -0.09503845338710308;
498, -0.1736452557879206;
499, -0.2550370024355439;
500, -0.3127954268644949;
501, 0.13610188419504085;
502, 0.12511581675445727;
503, 0.08997970570288646;
504, 0.05040499786859781;
505, 0.019260424116692015;
506, 0.0004536601356512876;
507, -0.01584423679884573;
508, -0.0012300457062424273;
509, 0.00757149037457253;
510, 0.005657968355811878;
511, 0.02244132188282272;
512, 0.0534390532490344;
513, 0.09045760145785119;
514, 0.1391060032993928;
515, 0.15860552394000313;
516, 0.16025167414316807;
517, 0.1438826677367857;
518, 0.11460583391601804;
519, 0.07669391048060105;
520, 0.03133097435328971;
521, -0.018100729268039326;
522, -0.06837610237122772;
523, -0.11757441992694255;
524, -0.15598601861048303;
525, -0.18379927860819245;
526, -0.11966780311855656;
527, -0.14476409544268037;
528, -0.1823807654555829;
529, 0.24579691675330306;
530, 0.1822937489480918;
531, 0.123933088303466;
532, 0.09371909197320659;
533, 0.07472702489865851;
534, 0.06923907356742948;
535, 0.0532955784914695;
536, 0.032714635243588;
537, 0.012619144874596056;
538, -0.005638237443910385;
539, -0.023231874361800096;
540, -0.000799336925283985;
541, -0.016037600953062097;
542, -0.0362505372262296;
543, -0.042548467552905506;
544, -0.06257803500319171;
545, -0.08287654697880557;
546, -0.09138972622294352;
547, -0.08442290621285027;
548, -0.06036200277481802;
549, -0.01035866178128909;
550, 0.04057277581111553;
551, 0.0783281831740098;
552, 0.10182942415613658;
553, 0.1128465703703262;
554, 0.10974163549889966;
555, 0.10030665556807099;
556, 0.10302132505614509;
557, 0.13630342441056043;
558, 0.207374461299355;
559, -0.1808137479182206;
560, -0.07433084815601686;
561, 0.03877521932007953;
562, 0.15833864017175003;
563, -0.2014692203583216;
564, -0.08904827597403049;
565, 0.003727467058389765;
566, 0.07295868022257901;
567, 0.12756073101070317;
568, 0.1323022986547878;
569, 0.11711631494831427;
570, 0.10305141352994572;
571, 0.09055497857119574;
572, 0.08512989504318673;
573, -0.3909543316801702;
574, -0.3238719707739799;
575, -0.30467612516283565;
576, -0.2859916435844033;
577, -0.26099719689856565;
578, -0.24113927092981766;
579, -0.22218772294587302;
580, -0.2066164050620453;
581, 0.2803765422226269;
582, 0.28813059984544315;
583, 0.30603683362291056;
584, 0.3341161453746923;
585, 0.3687373512600258;
586, -0.07542064468162202;
587, -0.03749021400394014;
588, -0.006583447153972468;
589, 0.013302969212558188;
590, 0.019682847862782595;
591, 0.007464429123489548;
592, -0.029325208342819264;
593, -0.07861097870614438;
594, -0.12701389476365024;
595, -0.17058268261411244;
596, -0.20613245691124119;
597, -0.23531136672153813;
598, 0.2955879530941859;
599, 0.29632027777097814;
600, 0.2929310375660744;
601, -0.20026029360715053;
602, -0.22281765914585877;
603, -0.25790012557579883;
604, -0.30307232651077476;
605, 0.12607618434238094;
606, 0.07564259968411363;
607, 0.04693659557299966;
608, 0.031148587713002284;
609, 0.012760421897141992;
610, -0.012672003141360856;
611, -0.05306908901169271;
612, -0.13064238977809697;
613, 0.26182995177488533;
614, 0.1669487592144619;
615, 0.0661007465171138;
616, -0.011384624555503398;
617, -0.04559572456322743;
618, -0.05368443655327471;
619, -0.07265574588866407;
620, -0.05549910717014854;
621, -0.04587008225398729;
622, 0.0888262296529093;
623, 0.09355010177588098;
624, 0.05977157913120723;
625, 0.03052670784544981;
626, 0.0009878164155636875;
627, -0.033369110788649244;
628, -0.0470160184291141;
629, -0.0987041556698532;
630, -0.10866254354598608;
631, -0.06391078372818705;
632, 0.0206106096266831;
633, 0.12926131726362203;
634, -0.23182966133091065;
635, -0.11827942612836531;
636, 0.45064712820032155;
637, 0.01769270038192748;
638, 0.033349076495967196;
639, 0.025752503937798817;
640, 0.012417118641036739;
641, 0.015506573990095224;
642, -0.00032416175522523294;
643, -0.01773195014357952;
644, -0.03672362454802034;
645, -0.05542242285827056;
646, -0.050231766428253166;
647, -0.0583740033110613;
648, -0.09352517179000112;
649, -0.17707470662939004;
650, -0.24832117675215398;
651, 0.17585566380336254;
652, 0.11098368047307107;
653, 0.06334171240947882;
654, 0.0229034185002158;
655, 0.001284899183598768;
656, 0.0051315529836396334;
657, 0.029333599510227744;
658, 0.062632667895325;
659, 0.09208486392446122;
660, 0.10911353581802022;
661, 0.1100605404464796;
662, 0.10642890001256898;
663, 0.08650083118977647;
664, 0.047507644447364376;
665, -0.010932339617534748;
666, -0.0711206634907231;
667, -0.13099495071394046;
668, -0.18643411532097037;
669, -0.23383031045416938;
670, 0.21485077838351058;
671, 0.19279380849544817;
672, 0.15424634798409684;
673, 0.11230359994525954;
674, 0.07173173732043998;
675, 0.040496390821412334;
676, 0.017476672973148134;
677, 0.0021713999437629437;
678, -0.0031519287572637942;
679, -0.000958575307620121;
680, -0.004728104741453495;
681, -0.017990675099603892;
682, -0.02665014780300694;
683, -0.01637482543239054;
684, 0.020855515030095192;
685, 0.03126274005860373;
686, 0.03180238445625019;
687, 0.02006313313457157;
688, -0.00019498086938125666;
689, -0.017033430608812423;
690, -0.020590863495010003;
691, -0.011680406611418049;
692, 0.009182546828383504;
693, 0.03834948375168891;
694, 0.07424138633855544;
695, 0.07562457947453992;
696, 0.06537296240551532;
697, 0.052521219849473916;
698, 0.03804503860177987;
699, 0.03502525429384635;
700, 0.02298832960596899;
701, 0.012952983462069346;
702, 0.01810122847654779;
703, 0.04915531967164356;
704, 0.1206447145982088;
705, 0.23766493190864432;
706, -0.09775776490551502;
707, 0.051173884495377686;
708, 0.17621711308582008;
709, -0.20925070400956003;
710, -0.137113045234049;
711, -0.08747156851541654;
712, -0.055330132192594535;
713, -0.02898426415131192;
714, 0.01179353111511081;
715, 0.07184083264326466;
716, 0.14384943790212695;
717, 0.2141257389040572;
718, 0.25370892516577814;
719, -0.16083690480070914;
720, -0.11888239086377403;
721, -0.2672547654056113;
722, -0.2583470288025299;
723, -0.21041898382404622;
724, -0.15834043610479875;
725, -0.12309465137908251;
726, -0.5705720389205072;
727, -0.5504010219569303;
728, -0.10483292432311016;
729, -0.07621906375321343;
730, -0.07394882174235691;
731, -0.0967774441970245;
732, -0.08861209761301979;
733, -0.14347419950660037;
734, -0.2167724673317115;
735, -0.27326278039099844;
736, 0.14118696208412448;
737, 0.0909485608501054;
738, 0.10209274040992677;
739, 0.12697509449258612;
740, 0.18001400979975724;
741, 0.2393391778101818;
742, 0.26884294857201124;
743, 0.26818794033494403;
744, 0.2033770694608814;
745, 0.15313578154351565;
746, 0.12195308733701049;
747, 0.07515610475819524;
748, 0.023548204124025408;
749, -0.01698063322113402;
750, -0.05277424347905715;
751, -0.08810657797260212;
752, -0.1454796073451125;
753, -0.14933471461216025;
754, -0.1484130864162143;
755, -0.10671518391635415;
756, -0.14036824998373384;
757, -0.18189591426499724;
758, 0.2568094361569265;
759, 0.21488513448126767;
760, 0.18544834086099007;
761, 0.17132722369424186;
762, 0.1629099695972379;
763, 0.15855483195406267;
764, 0.17373944588109222;
765, 0.2233794107690791;
766, -0.1910140794302123;
767, -0.14712811153961813;
768, -0.14458120452062728;
769, -0.1837635019984194;
770, 0.2313053503458249;
771, 0.16624928895129557;
772, 0.11234508904263957;
773, 0.06665908891149587;
774, 0.03972523746331559;
775, 0.03887981567841941;
776, -0.0390969916726288;
777, -0.035312947548481625;
778, -0.03316580000636694;
779, -0.029405462198463028;
780, -0.024884313374589906;
781, -0.01866790724716059;
782, -0.011356365498249027;
783, -0.003955680532428196;
784, 0.0005533126657290441;
785, 0.02208345837855402;
786, 0.07451359702686834;
787, 0.15064576603076346;
788, 0.23871098681067274;
789, -0.15443928395540554;
790, -0.07223531897660733;
791, -0.00706273460485224;
792, 0.036085084103823696;
793, 0.05461865454428769;
794, 0.050062798553259236;
795, 0.019391601298804573;
796, -0.031666883844351956;
797, -0.0925057109022141;
798, -0.15570391507063053;
799, -0.21672503237689325;
800, -0.2375748714468333;
801, 0.23711255566472922;
802, 0.21621613394718053;
803, 0.1884716368775573;
804, 0.15842295770641085;
805, 0.12610351905217349;
806, 0.08515692941615306;
807, 0.051517043670978466;
808, 0.05318073110963169;
809, 0.08713824537087475;
810, 0.1555155754703448;
811, -0.24754743400358245;
812, -0.16425359132706385;
813, -0.08325863427155192;
814, 0.0035661723834454033;
815, 0.06015419302805092;
816, 0.0919542945185612;
817, 0.10693800543117549;
818, 0.08289374532071292;
819, 0.05373087714968175;
820, 0.01501425293560857;
821, -0.021275292565230353;
822, -0.04904103136274917;
823, -0.0641023397735374;
824, -0.061703962505585325;
825, 0.44831389662807225;
826, 0.4666279695518322;
827, 0.0016795328443305272;
828, 0.022455836471671372;
829, 0.04802779942015206;
830, 0.07820651226123825;
831, 0.10602442950905708;
832, 0.15804721198516425;
833, 0.23267798096031936;
834, 0.28519457399922704;
835, 0.37533424964813783;
836, -0.02756641863934988;
837, 0.044780315153273874;
838, 0.10474113895385123;
839, 0.15780765278018932;
840, 0.20668319956633796;
841, 0.24486189515834966;
842, 0.28553633904374937;
843, 0.33042009486737295;
844, -0.10470067465442556;
845, -0.04598627607828593;
846, 0.03317862012731085;
847, 0.1336443882609394;
848, 0.1686697704008672;
849, 0.24923660542780177;
850, 0.2917592470576059;
851, 0.29736422219801145;
852, 0.26227854946952117;
853, 0.19313659833792482;
854, 0.0880305399936914;
855, -0.03580529802786004;
856, -0.13622637178020974;
857, -0.193158616274172;
858, -0.21536877823663977;
859, -0.2245906915115909;
860, 0.2281439805613077;
861, 0.17834929147524103;
862, 0.11848862087434797;
863, 0.05257150597483841;
864, -0.023427672664820928;
865, -0.09978580454439548;
866, 0.31171418385052857;
867, 0.2474379835527538;
868, 0.19774308543580735;
869, 0.16819584700628992;
870, 0.1581728968590323;
871, 0.1650744849280504;
872, 0.13414580870953965;
873, 0.16637611023477636;
874, 0.17694558208714053;
875, 0.16354829696463213;
876, 0.14100298548503062;
877, 0.09673539298274672;
878, 0.03438743831077784;
879, -0.029286033665373783;
880, -0.07343840640874141;
881, -0.07466851400872168;
882, -0.03450298174350347;
883, 0.025719892025867015;
884, 0.097472348528711;
885, 0.15220279939795656;
886, 0.18888601037912323;
887, -0.27117472919270147;
888, -0.26405552882935474;
889, -0.24934667481600878;
890, 0.26380930336441927;
891, 0.3027875442911207;
892, 0.34133544110259123;
893, 0.3879310153705741;
894, -0.03662891698261432;
895, 0.03879221473169889;
896, 0.033736318218028555;
897, 0.08575786789263617;
898, 0.09672889921353098;
899, 0.5561041747706665;
900, 0.513293493890086;
901, 0.45128479604427985;
902, 0.3716145882018106;
903, 0.28768463009803685;
904, 0.21312737261970696;
905, 0.15552023272045423;
906, 0.12936355354271256;
907, 0.1272497910769269;
908, 0.12977498455510258;
909, 0.12657477391346367;
910, 0.11293439352571208;
911, 0.09772404296490789;
912, 0.08501049086173204;
913, 0.05897491845056129;
914, 0.03851663032734811;
915, 0.02242978529595036;
916, 0.012146177281675228;
917, 0.008785010452812303;
918, 0.016430646481360025;
919, 0.0420269356981138;
920, 0.004055181818562312;
921, 0.07912402097233794;
922, 0.1490633968171145;
923, -0.26499170712694975;
924, 0.28281826032683693;
925, 0.3369490826346084;
926, -0.10555172369620777;
927, -0.07533775780549157;
928, -0.0413825437590629;
929, -0.0020716113083410308;
930, 0.05585684993089589;
931, 0.14047398681029225;
932, 0.24815981673365686;
933, -0.12013379701213053;
934, -0.014069406470761993;
935, 0.06857097632678676;
936, 0.14579519438248376;
937, 0.21328064586622755;
938, 0.27573513082218093;
939, 0.32678480168827845;
940, 0.3810616830708324;
941, -0.03890739288990613;
942, 0.02372997081228301;
943, 0.10523729843473527;
944, 0.12018429621429741;
945, 0.14899477594022992;
946, 0.14970418978750788;
947, -0.32257033532073953;
948, 0.1321886881330553;
949, 0.08411937323458575;
950, 0.018972776521371536;
951, -0.06219780858118625;
952, -0.1429652503443156;
953, 0.2621739186130323;
954, 0.17745974655782668;
955, 0.08111065268595356;
956, -0.026952175038534556;
957, 0.339227502736071;
958, 0.21630862957244743;
959, 0.08848466753867501;
960, -0.041145921970006646;
961, 0.318027020421509;
962, 0.2050539737491916;
963, 0.1082803284071583;
964, 0.03134976671260924;
965, -0.019831487196176893;
966, -0.0397557926767786;
967, -0.027331446673535008;
968, -0.08922054755411293;
969, -0.06334156934362578;
970, -0.05472712281252246;
971, -0.051619113547232844;
972, -0.054800329913915695;
973, -0.07828329093570013;
974, -0.12191818738608158;
975, 0.3179001078193986;
976, 0.27881748969906833;
977, 0.1911786863333173;
978, 0.15758192327434106;
979, -0.2359445092200742;
980, -0.05405341252011387;
981, 0.04735090109291911;
982, 0.1867220531066027;
983, 0.182976051308894;
984, 0.07334860468304762;
985, 0.09390432674008599;
986, 0.05120799403283487;
987, -0.11335560070472614;
988, 0.005424976989607812;
989, -0.009533258054651914;
990, -0.09022989439634643;
991, -0.033721484013976316;
992, -0.01175229973919653;
993, 0.007768224896477015;
994, -0.013216471191952898;
995, -0.09469606940520243;
996, -0.09548037467526396;
997, -0.06682325342657303;
998, -0.03302099909937001;
999, -0.0068228791216568335;
1000, 0.0406675280211849;
1001, 0.06934119823486161;
1002, 0.08518970874557247;
1003, 0.15118352114742872;
1004, -0.21291386966371023;
1005, -0.06138163006544121;
1006, 0.1067933019307168;
1007, 0.26641333525947997;
1008, -0.09481132366226767;
1009, -0.03664569931743129;
1010, -0.024886127571364554;
1011, -0.03462470846210422;
1012, -0.043969275847072234;
1013, -0.042076619120522955;
1014, -0.021397941601990034;
1015, 0.03457566122614792;
1016, 0.058372640634177436;
1017, 0.20097000170334609;
1018, -0.12697089383562468;
1019, 0.03077444108242508;
1020, 0.18665076369643097;
1021, -0.15208520129606498;
1022, -0.03061211815971146;
1023, 0.055600876709576696;
1024, 0.1299571652211477;
1025, 0.2002135486153115;
1026, 0.26765757188076167;
1027, -0.13420997526660283;
1028, -0.05306068262451263;
1029, 0.015234876715410942;
1030, 0.05914016661337632;
1031, 0.07472774935978664;
1032, 0.059365386764201715;
1033, 0.025585555219170414;
1034, -0.01803718266300597;
1035, -0.056438254337856854;
1036, -0.08107744821758082;
1037, -0.08537186911858878;
1038, -0.0691787789202612;
1039, -0.04019194465685186;
1040, -0.006486863498053961;
1041, 0.049499740058984214;
1042, 0.09194364473704736;
1043, 0.11864828135168312;
1044, 0.1270597975947941;
1045, 0.11611788778487765;
1046, 0.08755246058681604;
1047, 0.04272814913245399;
1048, -0.0027943226700654104;
1049, -0.0381548056238578;
1050, -0.07623122942397856;
1051, -0.1158135593198842;
1052, -0.16550198801924945;
1053, -0.20029422355130283;
1054, -0.23730962126739855;
1055, 0.2047818036469363;
1056, 0.14953739123729257;
1057, 0.11316172110757829;
1058, 0.08175540787022;
1059, 0.06287250105618873;
1060, 0.05483631452723394;
1061, 0.060103580184922754;
1062, 0.07928161663399277;
1063, 0.10935294282527917;
1064, 0.10500711968232278;
1065, 0.146465107849204;
1066, 0.13782316933733493;
1067, 0.12369117510715034;
1068, 0.0955796989047218;
1069, 0.03958789120044806;
1070, -0.0004434242507528396;
1071, -0.02844216937043795;
1072, -0.0361959246271251;
1073, -0.03890727214638477;
1074, -0.04526072115590106;
1075, -0.06402738747166743;
1076, -0.06358517193458896;
1077, -0.06404311456898684;
1078, -0.07814560273529735;
1079, -0.09461821520021418;
1080, 0.36706250671413876;
1081, 0.2558905069338109;
1082, 0.13921042107907924;
1083, 0.07060811231582649;
1084, 0.053745414060862085;
1085, 0.030585991899783886;
1086, -0.023080195132691675;
1087, -0.07236850618322245;
1088, -0.10597670030532129;
1089, -0.120898423117514;
1090, -0.15416733707646704;
1091, -0.18752406404429153;
1092, 0.25250652262336604;
1093, 0.19129601047932004;
1094, 0.10740669931223118;
1095, -0.00015192058424644562;
1096, -0.10050665351340182;
1097, -0.17194258949954977;
1098, 0.24223830078352648;
1099, 0.1531973302998637;
1100, 0.05459074351247723;
1101, -0.035526887819248974;
1102, -0.12854249759749561;
1103, 0.24477217967802825;
1104, 0.10023356007833616;
1105, -0.02697881572674219;
1106, -0.10959492704719562;
1107, 0.2635688411196628;
1108, 0.13645661648496582;
1109, 0.019703168287170704;
1110, -0.07032368522417645;
1111, -0.1431877532585848;
1112, -0.20281591648201064;
1113, 0.23241901147329797;
1114, 0.18858146274941873;
1115, 0.14081459515217296;
1116, 0.08388108640251653;
1117, 0.019878492953435994;
1118, -0.047845911988373103;
1119, -0.10744244548246104;
1120, -0.14799810412378442;
1121, 0.31265485705400264;
1122, 0.30496110016626327;
1123, 0.30968466789380295;
1124, -0.15030738992205067;
1125, -0.10722472157647407;
1126, -0.0512770674442617;
1127, 0.0009270058485777313;
1128, 0.015836027254045003;
1129, -0.007144258905563979;
1130, 0.0008651973921936015;
1131, 0.01956582303895462;
1132, 0.034694139030837914;
1133, 0.03700560430039719;
1134, 0.020665432258635662;
1135, -0.013640920182317641;
1136, -0.0781468101705109;
1137, 0.37936153311803267;
1138, 0.3300985112399915;
1139, 0.2845911607878819;
1140, 0.23733587030015035;
1141, 0.1697433122104042;
1142, 0.09781895346060189;
1143, 0.01970915574531792;
1144, -0.06033279197451296;
1145, -0.1159912430507474;
1146, -0.1257487563227053;
1147, -0.10612148599254662;
1148, -0.029737002600424806;
1149, 0.08780960978915416;
1150, -0.287124948363754;
1151, -0.2093986909220784;
1152, 0.26922854655873985;
1153, 0.21434059134646907;
1154, 0.15108428823660047;
1155, 0.13669441019643522;
1156, 0.12460656725534627;
1157, 0.12542531588318875;
1158, 0.13724863310597107;
1159, 0.1566134283283833;
1160, 0.11777002037293259;
1161, 0.07758775244686364;
1162, 0.017013533294074776;
1163, -0.052143475264890604;
1164, -0.13271593146080254;
1165, -0.2131983982205043;
1166, -0.27801514392640425;
1167, 0.17479043198911887;
1168, 0.17546452581977176;
1169, 0.18533294455272323;
1170, 0.22744373916304697;
1171, -0.200020135757826;
1172, -0.11482740335096246;
1173, -0.03940294966783482;
1174, 0.02599728859768956;
1175, 0.06818814833848924;
1176, 0.08456884352945994;
1177, 0.08316769106298816;
1178, 0.06951636765945658;
1179, 0.046756944432994385;
1180, 0.022748051013123115;
1181, 0.005360643522382766;
1182, -0.002511406901735193;
1183, 0.0052612178277809275;
1184, -0.04502183365017938;
1185, -0.04313504465290739;
1186, -0.04410498852112142;
1187, -0.03929614542796158;
1188, -0.030492734271285578;
1189, -0.020164191403340307;
1190, -0.010281975440108232;
1191, -0.0027342076162020046;
1192, 0.005765120012338161;
1193, 0.02296867479292549;
1194, 0.0496958113032424;
1195, 0.08672342542267523;
1196, 0.13062279685879133;
1197, 0.17544528802847006;
1198, 0.24564335940437926;
1199, 0.29071805233597486;
1200, -0.19301618965154457;
1201, -0.19422817050354993;
1202, -0.21157299763928658;
1203, -0.24014858555686794;
1204, -0.27151945701942837;
1205, 0.18172834457968762;
1206, 0.15478578742215246;
1207, 0.1303910403233897;
1208, 0.04245623878096732;
1209, 0.02570590607041858;
1210, -0.005489098902007626;
1211, -0.03584974990744476;
1212, -0.06333407005483302;
1213, -0.08423766129945648;
1214, -0.09501434932749535;
1215, -0.10864849569679981;
1216, -0.0863421762320183;
1217, -0.05559712554320315;
1218, -0.008381637802158441;
1219, 0.0807714293432884;
1220, 0.1624760336159095;
1221, 0.24628805878281648;
1222, -0.15878277340005004;
1223, -0.09461386234553675;
1224, -0.04656474712793397;
1225, -0.0022485697663549445;
1226, 0.03459326035537405;
1227, 0.06792096017480413;
1228, 0.0988355875294772;
1229, 0.12788169570070623;
1230, 0.15410860905112206;
1231, 0.17995760532620977;
1232, 0.18330941503949338;
1233, 0.16805144181335457;
1234, 0.1378746426048842;
1235, 0.10747982016825203;
1236, 0.08459497080403897;
1237, 0.07480794740960121;
1238, 0.08108373905650859;
1239, 0.10314863337231707;
1240, 0.143266977243017;
1241, 0.19703470653299815;
1242, -0.22959614970218076;
1243, -0.17251301639258182;
1244, -0.1157729164418051;
1245, -0.059862515237210916;
1246, -0.010547050084843884;
1247, 0.023485095848414114;
1248, 0.04801367750141068;
1249, 0.05440589431314502;
1250, 0.045773392059667586;
1251, 0.032274173024197786;
1252, 0.019219949670751947;
1253, 0.0006531012605648995;
1254, -0.0013769012824052717;
1255, 0.009252096111335671;
1256, 0.003208052273827535;
1257, -0.005475491107150869;
1258, -0.020964374953785794;
1259, -0.03335612325021773;
1260, -0.042563829375706526;
1261, -0.04438234044828061;
1262, -0.03595909483452366;
1263, -0.017706126249781056;
1264, 0.012551470667504937;
1265, 0.048685103813427916;
1266, 0.09817256963394291;
1267, 0.14415594380911054;
1268, 0.19316738286261326;
1269, 0.2429735375099515;
1270, -0.1611016578009383;
1271, -0.1095187571635977;
1272, -0.07340335933335371;
1273, -0.04185031024870248;
1274, -0.026009248294212386;
1275, -0.016977034252476476;
1276, -0.011413305707756794;
1277, -0.006779909546360756;
1278, 0.0016656228862749493;
1279, 0.016671952916114577;
1280, 0.02714739803418893;
1281, 0.03772181428302002;
1282, 0.030661498201340072;
1283, 0.012749218115941936;
1284, -0.01993643157996068;
1285, -0.06779895848566315;
1286, -0.12719554781094655;
1287, -0.19447139260022314;
1288, 0.22257284404642486;
1289, 0.18018294926451087;
1290, 0.21354808769277267;
1291, 0.2559061122729574;
1292, -0.18628382514968325;
1293, -0.14871530034760688;
1294, -0.12196910868324749;
1295, -0.11987070804026287;
1296, -0.16017819308588602;
1297, 0.2568868743548244;
1298, 0.17816806458154946;
1299, 0.0986883271073898;
1300, 0.0339846703923822;
1301, -0.0066126579542775225;
1302, -0.022231145968897633;
1303, -0.018487621950005334;
1304, -0.06254453019799273;
1305, -0.037409295551603196;
1306, -0.011174326883405514;
1307, 0.015571920586783073;
1308, 0.03936739019346993;
1309, 0.059294505243908883;
1310, 0.07216717498589952;
1311, 0.0712737338069557;
1312, 0.05983409079177183;
1313, 0.04503804372158421;
1314, 0.032239156388353264;
1315, 0.01815299700766607;
1316, 0.007512146151408063;
1317, 0.0012722743830570456;
1318, 0.02870651853939403;
1319, 0.053206190743563204;
1320, 0.07087319000451646;
1321, 0.08149438878728986;
1322, 0.079952138891577;
1323, 0.0711737043947471;
1324, 0.0692544353902305;
1325, 0.0785931959250076;
1326, 0.10015237375801907;
1327, 0.1282651832124397;
1328, 0.07456850996279905;
1329, 0.08490528165392243;
1330, 0.08175147711054158;
1331, 0.07735007542030983;
1332, 0.07076203088066291;
1333, 0.061657861817410675;
1334, 0.0515256316807663;
1335, 0.039955535944598;
1336, 0.025432303280330054;
1337, 0.019324394846027278;
1338, 0.029248159771074336;
1339, 0.07280497473454497;
1340, 0.18108186956123046;
1341, -0.1651434000538526;
1342, -0.021079660665045675;
1343, 0.11118699632861058;
1344, 0.21623865920914767;
1345, 0.2930353944666744;
1346, -0.11941674283950965;
1347, -0.03418833021475985;
1348, 0.07414791664790618;
1349, -0.27903099265506504;
1350, -0.13402286339455952;
1351, 0.01936848348039649;
1352, 0.16375502204900994;
1353, -0.106544834086099;
1354, 0.1081517274250518;
1355, 0.3181796341445936;
1356, 0.5212054109839316;
1357, 0.21831047598440528;
1358, -0.12310357016523978;
1359, -0.02827827475264383;
1360, 0.02585818901713378;
1361, -0.4477779272979413;
1362, -0.48070164161724777;
1363, -0.057094801801158494;
1364, -0.12603820086572595;
1365, 0.2763470468125929;
1366, 0.1775281543579089;
1367, 0.06132281376542095;
1368, -0.080089603868663;
1369, 0.2661383748657648;
1370, 0.15560477347843185;
1371, 0.07286333748537158;
1372, 0.026254319085809195;
1373, 0.016693725306713272;
1374, 0.03708785397542336;
1375, 0.0762752602232157;
1376, 0.13786841264504282;
1377, -0.25613992855078216;
1378, -0.18720607228300756;
1379, -0.14547387456447672;
1380, -0.13285612585026202;
1381, -0.14897567005361545;
1382, -0.19183227405836856;
1383, 0.23459041628738783;
1384, 0.18358864711577083;
1385, 0.13943418216113398;
1386, 0.10395057328440514;
1387, 0.07871457867677023;
1388, 0.06279605721670202;
1389, 0.0583081118465502;
1390, 0.06289681413399309;
1391, 0.056272183292724015;
1392, 0.03543958822400611;
1393, 0.006848158857888045;
1394, -0.03731319486977012;
1395, -0.08155583100523672;
1396, -0.1307587398587174;
1397, -0.18819561109983016;
1398, -0.24015087866912224;
1399, 0.1837979595613205;
1400, 0.10705332665523576;
1401, 0.07598442154911654;
1402, 0.03694996284473258;
1403, -0.01734839870880531;
1404, -0.09947163396043442;
1405, -0.20735471618233337;
1406, 0.14149765850155513;
1407, 0.05045187577977548;
1408, -0.018477492684680193;
1409, -0.05148901189564664;
1410, -0.06501048832510345;
1411, -0.009779070556451337;
1412, 0.04893067279888175;
1413, 0.10279438304182607;
1414, 0.09110675008285261;
1415, 0.03154254033968754;
1416, -0.055173615105420376;
1417, -0.11963458850366941;
1418, -0.14541523785776134;
1419, -0.13678528237939822;
1420, -0.09689875084992912;
1421, -0.029687077690972934;
1422, 0.05488518115523393;
1423, 0.17670217735320815;
1424, -0.1646887448901202;
1425, 0.02664506744324705;
1426, 0.21577167603041975;
1427, -0.08062544129410673;
1428, 0.09282771053668591;
1429, -0.242251034659098;
1430, -0.13281862433304104;
1431, -0.032319289500475676;
1432, 0.0384429209734921;
1433, 0.06623846515705979;
1434, 0.026128525644237073;
1435, -0.07913647074550625;
1436, -0.22533958544639776;
1437, 0.07951796954041741;
1438, -0.10154172988684985;
1439, 0.1972611970274264;
1440, 0.010231899347591807;
1441, 0.23419201339948686;
1442, 0.25566918101521197;
1443, 0.2485452422296407;
1444, 0.22290120554542522;
1445, 0.18943245091211455;
1446, 0.15360477373209472;
1447, 0.1327619864896624;
1448, 0.13897216062794748;
1449, 0.17877278669325222;
1450, 0.25179249211203625;
1451, 0.35258607890614485;
1452, 0.46641529861001624;
1453, 0.08484725373807102;
1454, 0.16657366287013692;
1455, 0.2125845239528131;
1456, 0.21746334349718133;
1457, 0.17469575486325603;
1458, 0.11021938007079983;
1459, 0.05856934400628271;
1460, 0.043819471693824864;
1461, 0.033857727350728596;
1462, 0.03805586391799282;
1463, 0.06294568076199308;
1464, 0.11495205328036175;
1465, -0.29876510070859447;
1466, -0.27772744965711754;
1467, -0.28505140668104845;
1468, -0.30608634861318074;
1469, -0.33112893036333013;
1470, -0.346792469916536;
1471, -0.33757164231862563;
1472, -0.29913827936169796;
1473, -0.24549410417756093;
1474, -0.6696956819351837;
1475, -0.6153558312842659;
1476, -0.5730953248539757;
1477, -0.5518796329143287;
1478, -0.5569464775170363;
1479, -0.5990240321461868;
1480, -0.2090873552742406;
1481, -0.329303339053008;
1482, -0.4197904922340481;
1483, -0.011073601420309085;
1484, -0.04028483802548322;
1485, -0.05664333467225045;
1486, -0.05776822596186102;
1487, -0.04166917771759485;
1488, 0.001204387910884686;
1489, 0.05957240203889133;
1490, 0.07191809835041772;
1491, 0.05465757251491886;
1492, 0.013834721651304631;
1493, -0.04295956677427468;
1494, 0.36997083257604396;
1495, 0.3042302771736021;
1496, 0.23694001418736374;
1497, 0.1803982380070419;
1498, 0.1314453240485962;
1499, 0.10014114562518445;
1500, 0.08973936521630275;
1501, 0.09891042416108302;
1502, 0.13530799046887168;
1503, 0.1741922645257183;
1504, 0.17414355111008573;
1505, 0.10406135800187735;
1506, 0.042367775380522825;
1507, -0.008825228191938062;
1508, -0.04136408217611279;
1509, -0.04279889063084811;
1510, -0.03577965575666933;
1511, -0.03309154781399054;
1512, -0.05997739305859193;
1513, -0.09647614345192788;
1514, -0.1477792843942423;
1515, 0.2607594640661826;
1516, 0.16850146002000635;
1517, 0.07825482387490057;
1518, -0.012694560872174084;
1519, -0.09316831887856664;
1520, -0.1269145299481348;
1521, -0.10764329573500145;
1522, -0.053488987290349226;
1523, 0.040226779670088614;
1524, -0.34031141428332434;
1525, -0.24308613338024404;
1526, -0.14820099382571914;
1527, -0.06522873477658199;
1528, -0.006315907920889149;
1529, 0.005964984632469784;
1530, -0.01127621716635502;
1531, -0.02874646536658532;
1532, -0.06070347559972558;
1533, -0.08391654441173742;
1534, -0.09642982055508789;
1535, -0.09621627092512493;
1536, -0.07949336424299835;
1537, -0.05430687447911916;
1538, -0.06368818340737963;
1539, -0.09026031770512223;
1540, -0.12451804500511826;
1541, -0.16379450213653884;
1542, -0.18985129902653072;
1543, 0.26538505705067966;
1544, 0.25876774387559554;
1545, 0.2776739065006308;
1546, 0.30925705319094554;
1547, -0.13479285193280316;
1548, -0.09525521743282785;
1549, -0.060248683458048784;
1550, -0.036860199675793494;
1551, -0.03221957665951632;
1552, -0.052377236751537604;
1553, -0.10023061758916027;
1554, -0.1637826814472633;
1555, -0.22873625289984206;
1556, 0.19030459455733356;
1557, 0.13161807860276406;
1558, 0.07966958484648513;
1559, 0.03522192824105987;
1560, 0.03787340219349884;
1561, 0.017234519304441216;
1562, -0.006636546603384546;
1563, -0.039871230585754466;
1564, -0.07224858047092762;
1565, -0.10554398190572087;
1566, -0.14001773864379913;
1567, -0.17963326184691164;
1568, 0.272460728867252;
1569, 0.2638316764286704;
1570, 0.29595895024669344;
1571, 0.350546883174682;
1572, -0.06305792860684171;
1573, -0.010299392946726613;
1574, 0.029711359314582658;
1575, 0.05335339637447284;
1576, 0.06172529555211052;
1577, 0.0603805069731286;
1578, 0.036545548147049876;
1579, -0.0020535283933083228;
1580, -0.030736339906203083;
1581, -0.0455272477668473;
1582, -0.04841724699444389;
1583, -0.03807473440547323;
1584, 0.018783056995127514;
1585, 0.07261803535324644;
1586, 0.11056510225593794;
1587, 0.13784906324208276;
1588, 0.15061565117602538;
1589, 0.141193729809229;
1590, 0.1045433123626019;
1591, 0.07385523536679205;
1592, 0.07969788753375143;
1593, 0.11440641939526519;
1594, 0.1997486860580931;
1595, 0.31409374440752663;
1596, -0.06383152930421164;
1597, 0.03300258317573471;
1598, 0.11327646803892354;
1599, -0.3091738619193831;
1600, -0.27004059239916994;
1601, -0.23675131945907407;
1602, -0.22031783195368215;
1603, 0.2854658917942728;
1604, 0.3392727054577213;
1605, 0.3884917117562969;
1606, -0.04593692546154908;
1607, -0.010957393390890281;
1608, 0.010792378597906441;
1609, 0.05462198057170788;
1610, 0.09696077141919676;
1611, 0.13730154717856508;
1612, 0.16502917059474173;
1613, 0.18678444402364594;
1614, 0.19819014086025447;
1615, 0.20513751000224362;
1616, 0.21816850595492587;
1617, 0.25723301254705283;
1618, 0.31602496093274873;
1619, 0.3831180974372314;
1620, 0.4617507835962823;
1621, 0.036485796338401974;
1622, 0.07312484360099288;
1623, 0.09223146076450688;
1624, 0.09114836093840545;
1625, 0.07250591231052493;
1626, 0.05166805728874227;
1627, 0.028032250188693455;
1628, 0.015451084732146604;
1629, 0.02039539901231292;
1630, 0.04418342817999053;
1631, 0.07791378532080932;
1632, 0.06273195153872524;
1633, 0.0469397704173553;
1634, -0.01668906805660385;
1635, -0.10367854016009423;
1636, -0.2071022303180133;
1637, 0.15779906882900724;
1638, 0.027412350920751786;
1639, -0.09518456319445756;
1640, 0.28055322347786743;
1641, 0.19490508506520593;
1642, 0.13071734207996694;
1643, 0.08554252943218456;
1644, 0.04621226634955426;
1645, 0.0027196173343559324;
1646, -0.050494346045097956;
1647, -0.10369953837164424;
1648, 0.32025260762249286;
1649, 0.2640601962259786;
1650, 0.2121484977895184;
1651, 0.16510513754805167;
1652, 0.13950796761384798;
1653, 0.1412770123994211;
1654, 0.15862356444260564;
1655, 0.20003459454084546;
1656, 0.1783844592941501;
1657, 0.17934599373122972;
1658, 0.17596918300646547;
1659, 0.17606585899566501;
1660, -0.3137570120341465;
1661, -0.3256449118210824;
1662, -0.344462190979977;
1663, 0.12386305198782264;
1664, 0.11230299622765276;
1665, 0.1326800736789143;
1666, 0.1898907791140596;
1667, -0.20651388468055154;
1668, -0.1062252493220543;
1669, -0.01084797337960482;
1670, 0.06836159285563627;
1671, 0.12330570902510894;
1672, 0.1550724670399992;
1673, 0.16983446849577033;
1674, 0.17269017453399912;
1675, 0.16602465526900248;
1676, 0.15789088463780937;
1677, 0.16318073948050604;
1678, 0.20198335438946455;
1679, -0.19912017037012325;
1680, -0.13114571777140435;
1681, -0.011926279992303867;
1682, 0.05140038107771455;
1683, 0.0687468154213321;
1684, 0.04601343018012219;
1685, 0.028298172067381475;
1686, -0.009396004125065428;
1687, -0.06722018506988602;
1688, -0.08489941696859944;
1689, -0.08076148575917677;
1690, -0.05286194994952743;
1691, -0.010375080870890549;
1692, 0.036627283393795985;
1693, 0.07727937450797331;
1694, 0.09856071439578583;
1695, 0.09377863171970355;
1696, 0.04927479183474473;
1697, 0.015337840499583928;
1698, -0.023228457015750305;
1699, -0.06373020012350844;
1700, -0.08537260981413994;
1701, -0.032246201113300926;
1702, 0.027764544552773985;
1703, 0.06433195539440072;
1704, 0.008265792003303704;
1705, 0.007663008383177027;
1706, -0.001509801545593172;
1707, -0.010420318598015519;
1708, -0.007207518668635259;
1709, -0.0034054219675334367;
1710, 0.006684535862284403;
1711, 0.0019556448674300816;
1712, 0.010060081316703027;
1713, 0.03408473125878545;
1714, 0.07725787404396053;
1715, 0.16785914507245306;
1716, 0.2611302177023446;
1717, -0.13925347273967684;
1718, -0.07372442142989499;
1719, -0.026026136152779107;
1720, 0.003232969170703816;
1721, 0.0073405098445921795;
1722, -0.011904658784769725;
1723, -0.04781277042838964;
1724, -0.09720310671051144;
1725, -0.15414417258409271;
1726, 0.26317443595843526;
1727, 0.19971506050937277;
1728, 0.1574547367163419;
1729, 0.14307480226028826;
1730, 0.11059579444734535;
1731, 0.06273603348146821;
1732, 0.004243646220975103;
1733, 0.41163086828416473;
1734, 0.30948780522142166;
1735, 0.20723314064679713;
1736, 0.11221850112898996;
1737, 0.054517436975242875;
1738, 0.03817586674379708;
1739, 0.06688980035591435;
1740, 0.134634079275478;
1741, -0.23796462950446576;
1742, -0.08475986180954713;
1743, 0.07899332372035647;
1744, 0.19703035367832072;
1745, 0.23426175039295546;
1746, 0.22488899903493964;
1747, 0.18345912685945973;
1748, 0.11750818348094186;
1749, 0.04680614488131812;
1750, -0.011992321625228088;
1751, -0.04529035709515946;
1752, -0.005899985756830411;
1753, 0.038253475403136866;
1754, 0.06287960868952565;
1755, 0.07600417072474396;
1756, 0.07876301813651398;
1757, 0.07552542773582686;
1758, 0.06002961615355531;
1759, 0.031619014618717446;
1760, 0.026393600288972727;
1761, 0.059094657466991156;
1762, 0.117815744625423;
1763, 0.1934117718084424;
1764, 0.26862409840292595;
1765, -0.14202475977810078;
1766, -0.09127923068113168;
1767, -0.06130551903162681;
1768, -0.05208983064325984;
1769, -0.0574039052158284;
1770, -0.051629534017521246;
1771, -0.05814984042703634;
1772, -0.07030989611110737;
1773, -0.03484164296927089;
1774, 0.09168116455604369;
1775, 0.14101271599233986;
1776, 0.11275506910347047;
1777, 0.1565706100376169;
1778, 0.21185089037566326;
1779, 0.2643045547322645;
1780, -0.17986526189865887;
1781, -0.12192787832198465;
1782, -0.05318974324372142;
1783, 0.012924740639238015;
1784, 0.06728751328083611;
1785, 0.09775254858246217;
1786, 0.11763273194519713;
1787, 0.1366952625036448;
1788, 0.1454073540160728;
1789, 0.11295452522493236;
1790, 0.041789892828709964;
1791, -0.05468354759178188;
1792, 0.31130741008824797;
1793, 0.18883117861530768;
1794, 0.06467371638031721;
1795, -0.06367583104074953;
1796, 0.3011514898697834;
1797, 0.19696131679434573;
1798, 0.11651253646245072;
1799, 0.06050533548118132;
1800, 0.016033125325560425;
1801, 0.031105859726214064;
1802, 0.01798042407610596;
1803, -0.030361709286889013;
1804, -0.09707426018275647;
1805, -0.1708661762264377;
1806, -0.24883678202788487;
1807, 0.15277379449579495;
1808, 0.08842242881934777;
1809, 0.04600733719822522;
1810, 0.03856794632392417;
1811, 0.058881071309576365;
1812, 0.09454436886841378;
1813, 0.126274690750095;
1814, 0.15034729616318435;
1815, 0.15769536130532877;
1816, 0.14805024706128403;
1817, -0.35910523470092703;
1818, 0.09035823562768429;
1819, 0.05259934801035096;
1820, 0.013887957368405097;
1821, -0.015867369837025417;
1822, -0.029107895370665486;
1823, -0.028015906183298557;
1824, -0.002355902944023836;
1825, 0.03241141274866411;
1826, 0.056965525061192984;
1827, 0.07084805302974286;
1828, 0.04440878429410889;
1829, 0.025809459367078184;
1830, -0.0018377884352819163;
1831, -0.03614867738282329;
1832, -0.06270230342364956;
1833, -0.06895166847380314;
1834, -0.057160104767834424;
1835, -0.02912410341276743;
1836, 0.015780886528866007;
1837, 0.07483288754199546;
1838, 0.11636115046760843;
1839, 0.09910600837265;
1840, 0.04260140090387687;
1841, -0.05201385354343551;
1842, -0.1407932874719338;
1843, -0.23240101155675302;
1844, 0.1958381788224234;
1845, 0.1460713926509557;
1846, 0.12572704278189015;
1847, 0.13009306763501616;
1848, 0.12028451333702243;
1849, 0.14623892175020778;
1850, 0.15208145723225153;
1851, 0.13404245631386516;
1852, 0.09277817525338698;
1853, 0.03714028811788626;
1854, -0.018334612512859116;
1855, -0.03304714159372062;
1856, -0.050183081422860924;
1857, -0.051138633475050536;
1858, -0.040418555894801436;
1859, -0.016482052781914242;
1860, 0.01493411982348616;
1861, 0.04585407105426469;
1862, 0.07024844881990329;
1863, 0.07305232646257882;
1864, 0.04266301256861421;
1865, -0.048587371572079374;
1866, -0.11195657900627827;
1867, -0.1720595585175486;
1868, -0.22070643330867304;
1869, -0.2584637847437263;
1870, -0.2854318603849765;
1871, -0.3013760829660189;
1872, 0.16216052775065343;
1873, 0.16161610637402765;
1874, 0.16592993755708205;
1875, 0.16252460498034046;
1876, 0.15043361256118187;
1877, 0.1283242054867023;
1878, 0.09977916466537237;
1879, 0.0851293511900149;
1880, 0.09937928444497487;
1881, 0.13911612952076363;
1882, -0.27574390755713657;
1883, -0.20259946089032363;
1884, -0.13459226548963715;
1885, -0.07180593878024438;
1886, -0.019752397145734762;
1887, 0.01788997906139922;
1888, 0.041532619838896175;
1889, 0.059679811011022786;
1890, 0.07683341084847563;
1891, 0.09063314630347895;
1892, 0.12250774147340832;
1893, 0.17067769457495044;
1894, 0.23804273737231402;
1895, -0.15540850945040008;
1896, -0.07460913660645513;
1897, -0.02899770523893709;
1898, 0.009398710200455806;
1899, 0.035977855739648554;
1900, 0.0599320878571462;
1901, 0.08716802539063763;
1902, 0.11077068890140009;
1903, 0.13556012120518773;
1904, 0.1781518707445677;
1905, 0.23312718744581917;
1906, 0.2992243116572923;
1907, -0.11314747945996698;
1908, -0.036907296751682195;
1909, 0.040760135258110196;
1910, 0.10374216387863702;
1911, 0.14356491949184733;
1912, 0.1658598657286383;
1913, 0.18402871159179657;
1914, 0.17569419217320706;
1915, 0.16578977360716576;
1916, 0.1663199594240889;
1917, -0.2975501266348412;
1918, -0.25518400513616557;
1919, -0.1882199221483316;
1920, 0.0023878504621927554;
1921, 0.07941975128102914;
1922, 0.1213950696310892;
1923, 0.13747971997142233;
1924, 0.14057274283494373;
1925, 0.1316878663288046;
1926, 0.10532414752473877;
1927, 0.06503906598290995;
1928, 0.03398914601988386;
1929, 0.02406278054319618;
1930, 0.03705979176054834;
1931, 0.07401949221515024;
1932, 0.11875405369104193;
1933, 0.16275344946610942;
1934, 0.19311972468447827;
1935, 0.20001318539546228;
1936, 0.18693004650528042;
1937, 0.1707974944704667;
1938, 0.1499622460882333;
1939, 0.12960343743614827;
1940, 0.117037632787751;
1941, 0.11438549220931599;
1942, 0.12257232911081908;
1943, 0.13404088360413322;
1944, 0.1204996295888087;
1945, 0.1011416122380154;
1946, 0.05146878278988813;
1947, -0.006619733727559239;
1948, -0.07345450892709361;
1949, -0.15494423539101684;
1950, 0.243504291531681;
1951, 0.155976318542717;
1952, 0.09006686426157916;
1953, 0.05841001633461986;
1954, 0.06352121845432819;
1955, 0.08505946808673899;
1956, 0.11326546921731435;
1957, 0.11898556671009797;
1958, 0.08835857071632233;
1959, 0.014776090905666459;
1960, 0.3749745861522147;
1961, 0.2263489099662996;
1962, 0.07961956151584358;
1963, -0.045830287624511995;
1964, -0.1386485882837437;
1965, -0.20449491095228714;
1966, -0.23931515086408348;
1967, -0.26303296310816143;
1968, 0.12902526875262935;
1969, 0.26516880438928064;
1970, 0.2233914140956139;
1971, 0.11317001080984276;
1972, 0.028637633853135034;
1973, -0.055150376543490934;
1974, -0.13936312612079346;
1975, -0.2194198248432585;
1976, -0.3046450362427153;
1977, 0.12198279633117258;
1978, 0.1025849742043896;
1979, 0.09953362307550744;
1980, 0.08624746765196085;
1981, 0.06778572743088605;
1982, 0.044834230686839116;
1983, 0.019182392347701766;
1984, -0.008938034095078672;
1985, -0.04945704352639063;
1986, -0.06312590518006195;
1987, -0.05908549414983687;
1988, -0.033105140084680275;
1989, 0.013895048767318988;
1990, 0.07478677670730641;
1991, 0.1571290640436574;
1992, 0.11049609987011191;
1993, 0.11978986061352673;
1994, 0.11861949061707422;
1995, 0.1144801388956356;
1996, 0.09279795080995185;
1997, 0.0661669778898573;
1998, 0.015765509993619108;
1999, -0.027646159081365022;
2000, -0.057904481474430586;
2001, -0.06512470256444272;
2002, -0.040164124943670984;
2003, 0.009450887636104391;
2004, 0.07782845313470854;
2005, 0.15764639422683624;
2006, -0.24349204468880067;
2007, -0.1671281191495039;
2008, -0.10947577652860091;
2009, -0.07036789358741558;
2010, -0.035660391597113365;
2011, -0.008723035542859447;
2012, 0.01320215243083216;
2013, 0.024882982151900674;
2014, 0.030186172558472772;
2015, 0.022968613913839094;
2016, -0.046968133983707985;
2017, -0.042876862535403404;
2018, -0.05226001508533028;
2019, -0.06115147972326904;
2020, -0.06907741930001479;
2021, -0.07487138341762761;
2022, -0.07363067778335694;
2023, -0.058438501659145346;
2024, -0.02735780021538513;
2025, 0.011725765589390091;
2026, 0.07014920576256065;
2027, 0.1489708910453332;
2028, -0.24279254398609112;
2029, -0.1533584873880728;
2030, -0.0767458504878127;
2031, -0.0197646439886151;
2032, 0.015612938885894961;
2033, 0.031033634807414716;
2034, 0.04297479060447986;
2035, 0.05031323685097344;
2036, 0.0631784529634861;
2037, 0.08860551252517444;
2038, 0.13033059753711118;
2039, 0.1815040761719129;
2040, 0.1127829720180694;
2041, 0.1313767539042836;
2042, 0.13807910501655085;
2043, 0.1429130465277296;
2044, 0.15058958478053278;
2045, 0.16317755347498458;
2046, 0.17436460307279575;
2047, 0.17948254552201975;
2048, 0.18578996385431076;
2049, 0.20237388358219136;
2050, 0.2289837466790775;
2051, 0.26406405190145044;
2052, -0.18035713447720905;
2053, -0.14286174575092514;
2054, -0.08256708234822303;
2055, -0.03816541989257124;
2056, -0.016141562139600562;
2057, -0.010948351831908782;
2058, -0.015321632457481981;
2059, -0.02900603552725918;
2060, -0.04262548669975867;
2061, -0.03464203667939589;
2062, -0.011708195885055717;
2063, 0.013813312505921441;
2064, -0.00850830891722613;
2065, 0.04364339009758537;
2066, 0.06012190478992846;
2067, 0.07354577175086095;
2068, 0.0913211763716597;
2069, 0.10177272543367152;
2070, 0.12503686672591385;
2071, 0.12278288551903414;
2072, 0.13425379806229476;
2073, 0.15938099159602262;
2074, 0.2015482008264082;
2075, 0.25843798215760805;
2076, 0.35005860246222925;
2077, -0.0406221243985495;
2078, 0.042551249727153885;
2079, 0.10921269770324767;
2080, 0.13482643689546592;
2081, 0.12626850137631127;
2082, 0.10713975466489169;
2083, 0.09289447460143539;
2084, 0.09837626091051521;
2085, 0.12482247087664995;
2086, 0.16499113131225757;
2087, 0.2155238372696947;
2088, 0.274219312596479;
2089, 0.34060400931906615;
2090, -0.09598550367487725;
2091, -0.07174691650598179;
2092, -0.0591666561185194;
2093, -0.05087271159636252;
2094, -0.042697787717416016;
2095, -0.030219495741063994;
2096, -0.034408923555019025;
2097, -0.03654645626008864;
2098, -0.020732684370727762;
2099, 0.008162465481240933;
2100, 0.044125066443815385;
2101, 0.07958558083911928;
2102, 0.09974420789396284;
2103, 0.09729122310016346;
2104, 0.07284967013047529;
2105, 0.036924200844671955;
2106, -2.382830778588977e-05;
2107, -0.02802983125966059;
2108, -0.04117725136251834;
2109, -0.042012211076417075;
2110, -0.020648257253711434;
2111, 0.02741356139991966;
2112, 0.057179955408605834;
2113, 0.09493379209107104;
2114, 0.11032397439983684;
2115, 0.10988224589544954;
2116, 0.09496947738221449;
2117, 0.0702723438613144;
2118, 0.03570798889616196;
2119, 0.008208912672882335;
2120, -0.0043602174956094124;
2121, 0.013282044055911858;
2122, 0.06410987863373631;
2123, 0.13676396455264458;
2124, -0.25790116052026757;
2125, -0.1554508001224177;
2126, -0.05144846135084858;
2127, 0.02984767672089006;
2128, 0.07679077418031699;
2129, 0.10091445613224256;
2130, 0.10232673526640497;
2131, 0.06771871984979098;
2132, -0.0040371443599141145;
2133, -0.09136341631110531;
2134, -0.17332312424876156;
2135, -0.24370662317532377;
2136, 0.19931073205706246;
2137, 0.1949214818324757;
2138, 0.1613419577014644;
2139, 0.13074653360189464;
2140, 0.08666064893808482;
2141, 0.027643498665289444;
2142, -0.048070164161724785;
2143, 0.33862493168542096;
2144, 0.22827640272073707;
2145, 0.11488171764254361;
2146, 0.02199129048570223;
2147, -0.039189582675131056;
2148, -0.09139208021428423;
2149, -0.14447097278818982;
2150, -0.19464177287002146;
2151, -0.2555537644139164;
2152, 0.13627363424428315;
2153, 0.05194011679399062;
2154, 0.01945941146918865;
2155, 0.026420028915029405;
2156, 0.041280094403169966;
2157, 0.05890267019477882;
2158, 0.0644379458838191;
2159, 0.06796326099333613;
2160, 0.019300657075589374;
2161, -0.34225390358604446;
2162, -0.3498156137353872;
2163, 0.12897733661860555;
2164, 0.1459844471690654;
2165, 0.164239528258106;
2166, 0.18403149173674208;
2167, 0.19530208773411972;
2168, 0.19142908201567102;
2169, 0.6527961447303887;
2170, 0.633307480860186;
2171, 0.6205687856943277;
2172, 0.6412857865977482;
2173, 0.6780008474876151;
2174, 0.7268082604295704;
2175, 0.7806959519592981;
2176, 0.8195176321688136;
2177, 0.8488104163102174;
2178, 0.8527915027000508;
2179, 0.8320813506938503;
2180, 0.7968166833048362;
2181, 1.2303612628402554;
2182, 1.1802031864874807;
2183, 1.131428282977662;
2184, 1.0767152333806118;
2185, 1.0395914708907281;
2186, 1.0246394658063098;
2187, 0.9517005367886611;
2188, 0.9450733409085518;
2189, 0.927963578071911;
2190, 0.9056359702052678;
2191, 0.8678114894309467;
2192, 0.8665503385701607;
2193, 0.8390046218641404;
2194, 0.8225959831725131;
2195, 0.8253936815879193;
2196, 0.8370002185305538;
2197, 0.8555139139786119;
2198, 0.8842376815924852;
2199, 0.951464021538006;
2200, 0.5786558785543398;
2201, 0.6814866419235457;
2202, 0.7303479328569629;
2203, 0.6773563003068939;
2204, 0.19122995667057854;
2205, 0.15772756634203317;
2206, 0.10769874643619534;
2207, 0.028281555120749226;
2208, -0.02314328920318281;
2209, -0.04311667337393545;
2210, -0.039378017652652086;
2211, 0.01677686787500661;
2212, 0.08164276126735545;
2213, 0.12700551374275618;
2214, 0.1682758827118741;
2215, -0.27683398818514493;
2216, -0.236414637818266;
2217, -0.19046072912091486;
2218, -0.15207809873598527;
2219, -0.08850659415629258;
2220, -0.007631680817037924;
2221, 0.08550404268841537;
2222, -0.29765530540310764;
2223, -0.19502846668030527;
2224, -0.09482898468523164;
2225, -0.0005652872776280391;
2226, 0.08370449240729985;
2227, 0.15476648875176438;
2228, 0.21235298049421386;
2229, 0.24872725040494104;
2230, 0.2882630118583582;
2231, -0.15055136286078943;
2232, -0.10571035430233137;
2233, -0.05984763740314676;
2234, -0.01092038042833764;
2235, 0.018442505473727437;
2236, 0.03495915178183573;
2237, 0.027910085140670636;
2238, 0.017082235343074577;
2239, 0.008541299294145042;
2240, 0.0033772090769195835;
2241, 0.0015827077013693099;
2242, 0.005088250704136391;
2243, 0.024262539030787185;
2244, 0.0512607386586384;
2245, 0.07299118356680674;
2246, 0.07672255409075117;
2247, 0.054186902092858105;
2248, 0.0191418722424469;
2249, -0.03744225447432748;
2250, -0.10917162968621523;
2251, -0.19036193251020578;
2252, -0.257967620189585;
2253, 0.16502771964318258;
2254, 0.11829593856589925;
2255, 0.09209392983507728;
2256, 0.09529684452280371;
2257, 0.1326537028879897;
2258, 0.20359468175520998;
2259, 0.2089503164507594;
2260, -0.2639821492372167;
2261, -0.27185819840265957;
2262, 0.18448607587487367;
2263, 0.14991338047488476;
2264, 0.1163487920130697;
2265, 0.07123496803404053;
2266, 0.018789165196796086;
2267, -0.028990039547308184;
2268, -0.06183197904846241;
2269, -0.08770141750611105;
2270, -0.1176496055986437;
2271, -0.13176896741840075;
2272, -0.1458311231899728;
2273, -0.16669660818511703;
2274, -0.19334421631556978;
2275, 0.25710595789374086;
2276, 0.21106211049275148;
2277, 0.15912595895658824;
2278, 0.12651479786684752;
2279, 0.12384369751160539;
2280, 0.11924201986154827;
2281, 0.09493742454322611;
2282, 0.08778908339052373;
2283, 0.03475927153607193;
2284, 0.047595775042136565;
2285, 0.02861906776108662;
2286, -0.008374349560865198;
2287, -0.06591421299639126;
2288, -0.14549425891190554;
2289, 0.232026422538148;
2290, 0.10852099967011143;
2291, -0.013423593005043703;
2292, -0.10582276753536471;
2293, -0.16963062502148207;
2294, -0.22300972251692913;
2295, 0.20993510669884294;
2296, 0.161453538920317;
2297, 0.10319102550947867;
2298, 0.02956457983727781;
2299, -0.04819668409372791;
2300, -0.11641373985174165;
2301, 0.3047704674537233;
2302, 0.2339059831585617;
2303, 0.17199351485532147;
2304, 0.10954466121485991;
2305, 0.04965468748038075;
2306, -0.005988404512611546;
2307, -0.122484399417032;
2308, 0.2751428077510745;
2309, 0.20009138458194012;
2310, 0.12999636120627342;
2311, 0.026925019922046864;
2312, -0.0925347502264258;
2313, -0.22409870732138232;
2314, 0.1428776757785325;
2315, 0.0522626156369709;
2316, -0.015467353653334948;
2317, -0.05241380884803958;
2318, -0.057512584531562695;
2319, -0.038424535489399995;
2320, 0.0066605563004083585;
2321, 0.063515627724894;
2322, 0.1148928432955828;
2323, 0.15925559082455776;
2324, 0.17536788027011543;
2325, 0.15828031800698103;
2326, 0.13792586220957342;
2327, 0.1188389089909659;
2328, 0.10648773964957237;
2329, 0.10450999120931358;
2330, 0.1152519639529856;
2331, 0.07106399520780124;
2332, 0.03415455348297497;
2333, -0.016692395098675483;
2334, -0.07684568813089916;
2335, -0.1378030995318525;
2336, -0.20536928683067407;
2337, -0.2735581657182001;
2338, 0.1681518923059108;
2339, 0.16010445836574402;
2340, 0.18643171059705765;
2341, -0.23521515747200097;
2342, -0.15192179168165917;
2343, -0.06392638906733365;
2344, 0.02643006889102783;
2345, 0.1187254506669494;
2346, -0.27874161406438797;
2347, -0.21134571571673516;
2348, -0.1636524509349442;
2349, -0.13374465611623643;
2350, -0.10104931954303649;
2351, -0.07421284419354933;
2352, -0.04277447405859688;
2353, -0.006759861150023697;
2354, 0.04466610294323747;
2355, 0.050640837361393846;
2356, 0.09599445797383492;
2357, 0.08603627810124724;
2358, 0.04832538248237265;
2359, 0.011463109873687309;
2360, -0.0249985560241695;
2361, -0.06900786494380542;
2362, -0.0848136586288939;
2363, -0.05686051168111128;
2364, -0.0036453682620327193;
2365, 0.08044485363082236;
2366, 0.19552747225847839;
2367, -0.15698875804253948;
2368, -0.028068294666446655;
2369, 0.0847552349989809;
2370, 0.17338135509490096;
2371, -0.2492540168465115;
2372, -0.22029137999064236;
2373, -0.1989791338199686;
2374, -0.18803733562171052;
2375, -0.18312508331239558;
2376, -0.18193003699292315;
2377, -0.17914660457676285;
2378, -0.17507050622609147;
2379, 0.27872527817620457;
2380, 0.2806695837050023;
2381, 0.2759876268330153;
2382, 0.2604439480544122;
2383, 0.2400842870951176;
2384, 0.2151174287819325;
2385, 0.18781877970154282;
2386, 0.12921401421349102;
2387, -0.3895389943865677;
2388, -0.4084026837023261;
2389, -0.39624830600771305;
2390, -0.3985554204518978;
2391, 0.08604595280272727;
2392, 0.09013378052404462;
2393, 0.09138155827885183;
2394, 0.1101372176557975;
2395, 0.09739258677901562;
2396, 0.07814499394443336;
2397, 0.047791723513570514;
2398, -0.004768685421399328;
2399, -0.06408496386762806;
2400, -0.12396514114245438;
2401, -0.17853305499753247;
2402, 0.26005041549342306;
2403, 0.14310761608785663;
2404, 0.11931438480224632;
2405, 0.08707262786225244;
2406, 0.06710898535997485;
2407, 0.05126726996995743;
2408, 0.03640396875837484;
2409, 0.016298683959032938;
2410, -0.013794412593549276;
2411, -0.026071192764622043;
2412, -0.015457193441140892;
2413, 0.016459312413841822;
2414, 0.05490659030061711;
2415, 0.119868847169522;
2416, 0.16916030363951665;
2417, 0.2141598819250119;
2418, 0.2435526396727952;
2419, 0.276023139633414;
2420, 0.2712728256939169;
2421, 0.02523151695083037;
2422, -0.00023284006138133881;
2423, -0.031905983412224594;
2424, -0.0473066907003771;
2425, -0.06520065937123826;
2426, -0.09891541624616762;
2427, -0.162811812216936;
2428, -0.22943213129691098;
2429, 0.2112211368129367;
2430, 0.2011013584787635;
2431, 0.23239579624835163;
2432, -0.18323811548280727;
2433, -0.09044173332398163;
2434, 0.01714900346642981;
2435, 0.1380071459364288;
2436, 0.23311850202949308;
2437, 0.30541613075102847;
2438, -0.1319799134527688;
2439, -0.09461894574925095;
2440, -0.057598221113095455;
2441, -0.025920240025944633;
2442, 0.014610381076446247;
2443, 0.06286391406105234;
2444, 0.10373817122522078;
2445, 0.07355883031489326;
2446, 0.08231954392432424;
2447, 0.0703485441844555;
2448, 0.061294271620414835;
2449, 0.050463882150264545;
2450, 0.025328039727662476;
2451, 0.012869826688655854;
2452, 0.004115039861215975;
2453, 0.014539743072498999;
2454, 0.04858543764643481;
2455, 0.09460926597451372;
2456, 0.1478582750088433;
2457, 0.20904325852265987;
2458, -0.20585535560298765;
2459, -0.1370736158790921;
2460, -0.0749850852579897;
2461, -0.023897192472148766;
2462, 0.012221139730059593;
2463, 0.033742032734938414;
2464, 0.04363828132758516;
2465, 0.04203470589884103;
2466, 0.034505748697980246;
2467, 0.024764204010384448;
2468, 0.021216507719404736;
2469, -0.025951385766545695;
2470, -0.02508921208637575;
2471, -0.027956290337943612;
2472, -0.0246354467719562;
2473, -0.015146034849979343;
2474, 0.00017889374329141004;
2475, 0.023478926767659152;
2476, 0.0604570725707881;
2477, 0.0961192195148926;
2478, 0.14058187469790337;
2479, 0.19531728721269034;
2480, 0.27410889822678247;
2481, -0.137990799901731;
2482, -0.07490222882140245;
2483, -0.02491057559781043;
2484, 0.011690037682886165;
2485, 0.028581888903023545;
2486, 0.04529035709515946;
2487, 0.0657967873852445;
2488, 0.08829806299235168;
2489, 0.11565041250020133;
2490, 0.14745560043838013;
2491, 0.17676011395042995;
2492, 0.19423613551735364;
2493, 0.1932878422815655;
2494, 0.1744264054920038;
2495, 0.14768563206633384;
2496, 0.12927897219867737;
2497, 0.11956375568664568;
2498, 0.11449557174403742;
2499, 0.11022265130704227;
2500, 0.10673671989316733;
2501, 0.1134938875494785;
2502, 0.1333089242018593;
2503, 0.17165776669383817;
2504, 0.1803671795264647;
2505, -0.276228474645319;
2506, -0.24764191834567167;
2507, -0.25464825902935145;
2508, -0.29840352966796413;
2509, 0.08425901971226767;
2510, -0.0629538598672506;
2511, 0.2800870215807483;
2512, 0.15917932962233022;
2513, 0.039638268644442164;
2514, -0.07624732179581636;
2515, -0.18082050549681075;
2516, 0.21136126017679538;
2517, 0.13278947339717098;
2518, 0.0624651225616499;
2519, -0.014066685175600016;
2520, -0.08746948442135885;
2521, -0.1637535812439652;
2522, -0.24353825191537654;
2523, 0.15928752190537335;
2524, 0.0859762868348595;
2525, 0.021691622314772525;
2526, -0.02185370273579199;
2527, -0.03774899882439947;
2528, -0.03192715005591363;
2529, 0.0018892098541425872;
2530, 0.030652759008487684;
2531, 0.05787073619684034;
2532, 0.07000490710802651;
2533, 0.050690190007433585;
2534, 0.033420109199324595;
2535, 0.0019042083302629556;
2536, -0.037193810981344236;
2537, -0.07707381119949429;
2538, 0.37515215015420794;
2539, 0.35822631318408904;
2540, -0.13755489549660907;
2541, 0.2861578840763266;
2542, 0.28440379525297854;
2543, -0.2109749925201164;
2544, -0.21427612039397392;
2545, -0.21438377491175384;
2546, -0.20909871937036817;
2547, -0.19613309740996265;
2548, -0.16622276596265498;
2549, -0.12434566587198319;
2550, -0.05432769512666718;
2551, 0.031101505856885186;
2552, 0.1385744274099969;
2553, -0.21116694427952834;
2554, -0.07834348411772442;
2555, 0.035527522991050386;
2556, 0.12610436121286867;
2557, 0.2080429035214873;
2558, 0.23242421663518498;
2559, -0.23146944992320986;
2560, -0.18140351406769828;
2561, -0.11657032086195653;
2562, -0.03968786074822172;
2563, 0.010003474420193288;
2564, 0.03486426157917052;
2565, 0.04966375846425402;
2566, 0.08115298901728597;
2567, 0.08920066647379832;
2568, 0.08793413796038065;
2569, 0.08159731502935956;
2570, 0.07484163383740794;
2571, 0.047254377301435564;
2572, 0.03439458957412669;
2573, 0.03406704182558116;
2574, 0.046941524749695;
2575, 0.07279300184755343;
2576, 0.10841692687191458;
2577, 0.1611705627802261;
2578, -0.27367851352549394;
2579, -0.23089302644016768;
2580, -0.2070409758105828;
2581, -0.20569682646200807;
2582, -0.22386046716327931;
2583, 0.23084154302610405;
2584, 0.2026088971487153;
2585, 0.18094306524424372;
2586, 0.14075623240134635;
2587, 0.12870546076526787;
2588, 0.16138570947155556;
2589, 0.08188966654875571;
2590, 0.05895546656780579;
2591, 0.05605887616445521;
2592, 0.047969407244433715;
2593, 0.04368714694093371;
2594, 0.039555049977290827;
2595, 0.03608682321639179;
2596, 0.02708159788830742;
2597, 0.017192124123325297;
2598, 0.010575656152890722;
2599, 0.49741216955180684;
2600, 0.027914983877822774;
2601, 0.07440135121132259;
2602, 0.11066767235535223;
2603, 0.13423023785585886;
2604, 0.1402954487429166;
2605, 0.12897585522750324;
2606, 0.09464247044288646;
2607, 0.08314694144104094;
2608, 0.05490665016505208;
2609, 0.027966208555769236;
2610, 0.014021810186364832;
2611, 0.015472977866266656;
2612, 0.03210332297078273;
2613, 0.022764077432617314;
2614, 0.03347859066436966;
2615, 0.03196186534028048;
2616, 0.03603281636419695;
2617, 0.04498693775785622;
2618, 0.052248160912557205;
2619, 0.05661127980395919;
2620, 0.07575369792888079;
2621, 0.12697845298885238;
2622, -0.27098397472198865;
2623, -0.15082225450223039;
2624, -0.007478989168722709;
2625, 0.12788284225683338;
2626, 0.2687052705181228;
2627, 0.37025187073188454;
2628, -0.051320944016479964;
2629, -0.04097513583963231;
2630, -0.023295588384321046;
2631, -0.009681035948973685;
2632, 0.031496971328867425;
2633, 0.0972086710590082;
2634, 0.17817453805773642;
2635, 0.2652020849565114;
2636, -0.12367938079881224;
2637, 0.01574410084823592;
2638, 0.11213867850020817;
2639, 0.18276899138954103;
2640, 0.25699568557524577;
2641, -0.13886992434885692;
2642, -0.0375702263725412;
2643, 0.06937146122870991;
2644, 0.17282453467767883;
2645, 0.26962479838558806;
2646, -0.13720146196052724;
2647, -0.09638489990653791;
2648, -0.1037635730240202;
2649, -0.09224192182085288;
2650, -0.10453624024206538;
2651, 0.3585135914462854;
2652, 0.32772328324464217;
2653, 0.2668979733732632;
2654, 0.21890146986212533;
2655, 0.16633477333511235;
2656, 0.11498416699843653;
2657, 0.06752470834795593;
2658, 0.029550125112864117;
2659, 0.0017920822435871172;
2660, -0.012610013011636402;
2661, -0.012031844328117474;
2662, 0.03319005017578201;
2663, 0.08294367631807342;
2664, 0.13777515603119597;
2665, 0.19492789442957625;
2666, 0.2502130755340776;
2667, -0.18319723517629122;
2668, 0.3432060119112469;
2669, -0.1000973989283505;
2670, -0.07505505562128946;
2671, -0.04081873746667662;
2672, -0.02379613318872859;
2673, -0.03744564036618263;
2674, -0.16500667577231776;
2675, -0.26700538437469756;
2676, -0.32981995898017885;
2677, 0.12046878824363962;
2678, 0.08717773560491807;
2679, 0.06235323897666821;
2680, 0.06800732121746503;
2681, 0.08764523625588037;
2682, 0.09726763651279012;
2683, 0.0817269834247809;
2684, 0.061485984936738375;
2685, 0.014489304749418508;
2686, 0.032005045861610924;
2687, 0.031785027828718206;
2688, 0.025070403492633182;
2689, 0.0024100457595116276;
2690, 0.005129134054606764;
2691, 0.02502214261154285;
2692, 0.058307143869076476;
2693, 0.08908944647085838;
2694, 0.1513318936274943;
2695, 0.1621114795000457;
2696, -0.22092941310911904;
2697, -0.059534845730492586;
2698, 0.1014508982899445;
2699, -0.20791976542273358;
2700, -0.13928674316039316;
2701, 0.3009291492997446;
2702, 0.14265475685717297;
2703, -0.0506322513809089;
2704, -0.21694537408359532;
2705, 0.14297771026399833;
2706, 0.056082765117957664;
2707, 0.009904834573131698;
2708, -0.01864571174691143;
2709, -0.14031340807340392;
2710, -0.1864095810491521;
2711, -0.2768054054540812;
2712, 0.1064207320684773;
2713, -0.002029155755464437;
2714, -0.12571531341124417;
2715, -0.2738615262057198;
2716, 0.1322117613068;
2717, 0.07097554804177979;
2718, 0.048819122019572364;
2719, 0.03490227245141436;
2720, 0.028344467568632604;
2721, 0.026592542996806003;
2722, 0.021732838470915204;
2723, 0.011459208538900657;
2724, -0.003437233420944257;
2725, -0.01482704365702701;
2726, -0.030253272472848876;
2727, -0.031700478953529086;
2728, -0.021588114677427717;
2729, -0.01043032762714502;
2730, -0.0016329648077026248;
2731, 0.001842369687998487;
2732, -0.0005573344396416199;
2733, -0.041772928871285246;
2734, -0.001279985328140178;
2735, 0.015084831075120859;
2736, 0.021518715562888664;
2737, 0.019713781541232704;
2738, 0.013727252307412495;
2739, 0.00943374205607192;
2740, 0.016745464412939795;
2741, 0.037037354773256474;
2742, 0.056809256563621624;
2743, 0.06938382881511161;
2744, 0.07902325593783534;
2745, 0.10265921625025158;
2746, 0.11595417377503983;
2747, 0.1298170722968322;
2748, -0.32449794983334984;
2749, -0.3118096726975434;
2750, 0.1416836339639857;
2751, 0.12910221991783605;
2752, 0.1529942782536986;
2753, 0.20102162716861133;
2754, 0.23993718292935193;
2755, -0.19925508857209498;
2756, -0.16243497067213428;
2757, -0.12674663963297012;
2758, -0.05418926115745601;
2759, -0.020216747303975997;
2760, 0.02164753368040331;
2761, 0.02706272841547845;
2762, 0.020231685002475113;
2763, 0.002067377878138079;
2764, 0.01787274317738859;
2765, 0.025364870560281645;
2766, 0.04159388347818962;
2767, 0.061932856709274835;
2768, 0.07258295885296698;
2769, 0.06106820322098563;
2770, 0.02349973118078412;
2771, -0.03759992116158311;
2772, -0.11764827640525735;
2773, -0.19943126250161547;
2774, 0.20240856436840926;
2775, 0.1181837789957259;
2776, 0.03136721567342225;
2777, -0.040109452480131536;
2778, -0.08977297047199427;
2779, -0.11192643371199701;
2780, -0.1103246440697872;
2781, -0.07524704796675899;
2782, -0.0008796818560409999;
2783, 0.031145020198539382;
2784, 0.03318708739357733;
2785, 0.02582417079830619;
2786, 0.025967201138540376;
2787, 0.04045940880572862;
2788, 0.06857145930087218;
2789, 0.08649542715620723;
2790, 0.08982077577458807;
2791, 0.08709354997494445;
2792, 0.08676031814903225;
2793, 0.08224694561379499;
2794, 0.06109127538007891;
2795, 0.02162379590996541;
2796, -0.006472772323251206;
2797, -0.032756272480078265;
2798, -0.09327665321281134;
2799, 0.3064524348527189;
2800, 0.22238803543315022;
2801, 0.1554418306036884;
2802, 0.12114182277818919;
2803, 0.13202935741743813;
2804, 0.17423083142695123;
2805, 0.21169805342926182;
2806, 0.2918629038487124;
2807, 0.3255515030095195;
2808, -0.16022622668505382;
2809, -0.19015660764481515;
2810, -0.23715563776486998;
2811, 0.19660380435947525;
2812, 0.1618573499003929;
2813, 0.16548825978526677;
2814, 0.19710667575963464;
2815, 0.2410142658724144;
2816, 0.2943030390966761;
2817, -0.12990428158809691;
2818, -0.09300058684902657;
2819, -0.08317718414186044;
2820, -0.05771467265885984;
2821, -0.008554120429740396;
2822, 0.0515620698432782;
2823, 0.08804148808272859;
2824, 0.1256329084945477;
2825, 0.1690553379480526;
2826, 0.21550173816133236;
2827, 0.26099929722704635;
2828, -0.17113738240982504;
2829, -0.1251096831865027;
2830, -0.0845015924320193;
2831, -0.06352705270010797;
2832, -0.0381258373252469;
2833, -0.0069534509627203105;
2834, 0.027333246665189503;
2835, 0.06078462234863651;
2836, 0.09643128571176719;
2837, 0.14196083673738322;
2838, 0.19347115935722337;
2839, 0.23537070353774708;
2840, 0.26752972579932655;
2841, -0.18819754908408046;
2842, -0.14687890299944917;
2843, -0.11248618647188063;
2844, -0.08217391506175231;
2845, -0.05578376052906969;
2846, -0.024036715162355008;
2847, -0.0017980091270433651;
2848, 0.0031749707812093143;
2849, 0.003889336228979434;
2850, 0.012473816348850354;
2851, 0.034061295854476654;
2852, 0.06779710167352802;
2853, 0.009604743292551532;
2854, -0.015251689489771106;
2855, -0.03824165166990699;
2856, -0.05307217355207019;
2857, -0.06274598416813991;
2858, -0.07994530014087166;
2859, -0.10130066899774377;
2860, 0.3670176286809493;
2861, -0.09968832698055838;
2862, -0.055599424743366106;
2863, 0.01305682390508646;
2864, 0.0931457022979699;
2865, 0.18685989350472149;
2866, 0.2674876279110825;
2867, -0.18123448328431507;
2868, -0.19518758431912;
2869, -0.24063409627088958;
2870, 0.18505523445360575;
2871, 0.12884848603224486;
2872, 0.07755315790601815;
2873, 0.04104432086271753;
2874, 0.022856669449771008;
2875, 0.023121320984856197;
2876, 0.05736659039447237;
2877, 0.07182759144197315;
2878, 0.07068951780085461;
2879, 0.03788882388073482;
2880, -0.011469882672049054;
2881, 1.0677093901298005;
2882, 0.48974515887602493;
2883, 0.42907569946582397;
2884, 0.40205141213479995;
2885, 0.39922814450310673;
2886, 0.4250399842424631;
2887, -0.004957210499968228;
2888, 0.08113178280219077;
2889, -0.28893924660354936;
2890, -0.1309510365996189;
2891, -0.39880380712440044;
2892, -0.623843065891084;
2893, -0.35497308700471214;
2894, -0.5838287136464657;
2895, -0.37734447708098984;
2896, -0.24632760989594618;
2897, -0.14857602929095773;
2898, -0.08787650068533363;
2899, -0.031978434598295045;
2900, -0.019122277293838363;
2901, -0.026668594166185444;
2902, -0.04036745094572489;
2903, -0.048858794890874864;
2904, 0.010129449991698881;
2905, 0.4690295277520486;
2906, 0.41490079562624343;
2907, 0.31637884091546414;
2908, 0.2069033789288096;
2909, 0.08465157820787442;
2910, -0.0019275528218027284;
2911, 0.38655865871196843;
2912, 0.2897202948424886;
2913, 0.17676123006701389;
2914, 0.5097471349097042;
2915, 0.3086676929020439;
2916, 0.07664831813279782;
2917, 0.326221396183211;
2918, 0.11010606785659068;
2919, -0.08305110253927937;
2920, 0.208532351083096;
2921, 0.04102260935120523;
2922, -0.10245936542937956;
2923, 0.24221965149006;
2924, 0.125656707144072;
2925, 0.03762332612634871;
2926, -0.02431164714582989;
2927, -0.06500350244993931;
2928, -0.07884218530046555;
2929, -0.09095313185484244;
2930, -0.1071580792698974;
2931, -0.11990924450195262;
2932, -0.12035364153962701;
2933, -0.11485607232739858;
2934, -0.10215969319984408;
2935, -0.06537604694589282;
2936, -0.026180295190006794;
2937, -0.010153157322593585;
2938, 0.012865592548196893;
2939, 0.015601977606389055;
2940, 0.02076038334038727;
2941, 0.06243839258411555;
2942, -0.2798645592525367;
2943, -0.0906208690210554;
2944, 0.05865217000332678;
2945, 0.1641312345099189;
2946, 0.2458366809432352;
2947, -0.17227426890875885;
2948, -0.11010723876435238;
2949, -0.04210681210342189;
2950, 0.034292608987199026;
2951, 0.11389627801753849;
2952, 0.14219954363514858;
2953, -0.2713745546472875;
2954, -0.17219850488573693;
2955, -0.05064997125365638;
2956, 0.019965884881959887;
2957, 0.024311133732201267;
2958, 0.010156272302514266;
2959, -0.005847097862243564;
2960, -0.04976155057003752;
2961, -0.1112792281445031;
2962, -0.16091625054331413;
2963, -0.2087304110441765;
2964, -0.24806012722968065;
2965, -0.28454489268221966;
2966, 0.16316539795073384;
2967, 0.13342255501662062;
2968, 0.09674733948880083;
2969, 0.04665404254255923;
2970, -0.005000693996218647;
2971, -0.05052643033828098;
2972, -0.08203292518556388;
2973, -0.08306631216436439;
2974, -0.05397326418821986;
2975, 0.0038072676692352987;
2976, 0.03853401637977185;
2977, 0.12584015612441704;
2978, 0.22839369642719665;
2979, -0.14503314041850057;
2980, -0.030516925590917142;
2981, 0.09410161556607212;
2982, 0.23311369258166767;
2983, 0.39341029549059725;
2984, 0.08772433848213979;
2985, 0.26971139888598883;
2986, -0.03323964227956158;
2987, 0.14454699047407177;
2988, -0.18128539849357236;
2989, -0.07326212594081968;
2990, -0.024913403431373604;
2991, -0.032235831375584514;
2992, -0.09088068574202918;
2993, 0.29167070857295485;
2994, 0.16407398787567626;
2995, 0.016552811529382847;
2996, -0.12504648562156467;
2997, 0.2305913705670671;
2998, 0.11675405394470478;
2999, 0.01490345705697052;
3000, -0.01562145181147624;
3001, -0.09159274782956543;
3002, -0.17935355288445742;
3003, 0.21500877990574138;
3004, 0.12582689463009675;
3005, 0.044326245443422334;
3006, -0.011237193671974096;
3007, -0.028971774806737433;
3008, -0.013096528230583597;
3009, 0.0503857742824163;
3010, 0.1722045522083191;
3011, -0.14754990214321018;
3012, 0.04539135549949323;
3013, -0.20905711866132975;
3014, 0.07482862600594763;
3015, 0.3450641329467342;
3016, 0.11143580306680932;
3017, -0.1100178337673716;
3018, 0.16423993411868198;
3019, -0.04299957245124948;
3020, 0.2023966828000473;
3021, -0.08211404250958305;
3022, 0.07976725925270159;
3023, -0.2625797183099306;
3024, -0.04358209601874872;
3025, 0.10526499334578901;
3026, 0.18991137653829082;
3027, 0.17144866732509087;
3028, 0.09507809581886238;
3029, -0.04404632340416572;
3030, 0.2488338192456802;
3031, 0.021508858224149437;
3032, -0.25819919408772746;
3033, -0.06152662680016604;
3034, 0.06603005575129167;
3035, 0.17330727539326937;
3036, -0.2122382538558974;
3037, -0.06928292172940742;
3038, 0.12394984019873975;
3039, -0.12672268980038126;
3040, 0.12285793827139667;
3041, -0.0631332827106819;
3042, -0.21295918399701894;
3043, 0.16402126658685587;
3044, 0.09942161062979288;
3045, 0.07082918457156531;
3046, 0.03841233633513733;
3047, 0.025275923171100285;
3048, -0.04707773663225264;
3049, -0.06662756369125628;
3050, -0.10815752108477399;
3051, -0.1442847132233561;
3052, -0.1910723508624093;
3053, -0.21511311651331264;
3054, -0.24349324197749983;
3055, 0.20337279777831918;
3056, 0.208167665062545;
3057, 0.24315620520868778;
3058, 0.2896904133575818;
3059, 0.32554119415088956;
3060, -0.09407925264833537;
3061, -0.07320653318842418;
3062, -0.07628138364465586;
3063, -0.1599205629387654;
3064, -0.3087062496567624;
3065, 0.02808902399536507;
3066, -0.015817264319617233;
3067, -0.1308515094398731;
3068, -0.15660917693884985;
3069, -0.11526400786557796;
3070, -0.14268486156539661;
3071, 0.18356696401449885;
3072, 0.10967474967597739;
3073, 0.045022742777869586;
3074, 0.0058783952932349;
3075, -0.02824700725386997;
3076, -0.0654744427692831;
3077, -0.0951752791337819;
3078, -0.08282689602524249;
3079, -0.08171996609542213;
3080, -0.08421746466254404;
3081, -0.042238336296326916;
3082, 0.004154411178110519;
3083, 0.05722845879139032;
3084, 0.07018603760983125;
3085, 0.04331756522718489;
3086, -0.013548509787771699;
3087, 0.366391081416773;
3088, 0.2175303713713052;
3089, 0.05370368449109079;
3090, -0.10200946999555201;
3091, -0.2222146923811472;
3092, 0.15553788765550958;
3093, 0.061272255713470544;
3094, -0.01729548057760555;
3095, -0.08045803395302746;
3096, -0.01605229614986706;
3097, 0.0029437032063365995;
3098, 0.019152274449009386;
3099, 0.024454738365150473;
3100, 0.006347885371275547;
3101, -0.01781813159293554;
3102, -0.03435171141892535;
3103, -0.032829240123731666;
3104, 0.009324004458885753;
3105, 0.07300255780944871;
3106, 0.17278620114627707;
3107, 0.24995302037001546;
3108, -0.13037664241945662;
3109, -0.03455225626138233;
3110, 0.05733864993777015;
3111, 0.14009581607210417;
3112, 0.21494373060192545;
3113, 0.2977437830086723;
3114, -0.09915569585366493;
3115, -0.016012562399478163;
3116, 0.06097077334576619;
3117, 0.13008272833684295;
3118, 0.19106683115857592;
3119, 0.238698679088706;
3120, 0.28372312648099474;
3121, -0.10882558788587351;
3122, -0.021779133972166333;
3123, 0.06399826088743191;
3124, 0.14736535733930994;
3125, 0.22822278853864952;
3126, -0.17656549365773092;
3127, -0.10285427284306982;
3128, -0.02152098330885698;
3129, 0.08746065492452831;
3130, 0.21796137500997212;
3131, -0.12764238001207687;
3132, 0.025455950746789798;
3133, 0.19630013947652353;
3134, -0.12714555593449967;
3135, -0.03855214617170109;
3136, 0.006286318655596988;
3137, 0.03474530181504654;
3138, 0.08067140500433699;
3139, 0.16350476841785777;
3140, 0.2767914337037529;
3141, -0.07317794031084608;
3142, 0.053799601521013235;
3143, 0.1683023651144571;
3144, -0.20135646214379868;
3145, -0.19976371304591892;
3146, -0.24144594932754607;
3147, 0.1599103251057362;
3148, 0.03751603688308717;
3149, 0.3643580547660651;
3150, 0.19037306323650216;
3151, 0.021413181666618257;
3152, -0.10729161247265355;
3153, 0.26825691633983256;
3154, 0.20268219556873812;
3155, 0.1424445312253273;
3156, 0.060212379229526956;
3157, -0.028973831505206236;
3158, -0.12452208331784931;
3159, 0.24297928043710168;
3160, 0.10195455604496985;
3161, -0.0424584446331978;
3162, 0.28415535784790397;
3163, 0.12796527253981588;
3164, 0.008311482772296616;
3165, -0.06918872656297859;
3166, 0.3231253699514273;
3167, 0.25593520232974115;
3168, 0.13042116532464215;
3169, -0.0012633236353794244;
3170, -0.13252827167698164;
3171, -0.23640856005614064;
3172, 0.17612790493121866;
3173, 0.1274059662265658;
3174, 0.10240814075143309;
3175, 0.07923626171462649;
3176, 0.06428913710363433;
3177, 0.06171689017958188;
3178, 0.07254630964295557;
3179, 0.08668629526788128;
3180, 0.10417482139915105;
3181, 0.13280471346179917;
3182, -0.33138546468689567;
3183, -0.3101935257374582;
3184, -0.2811881213233946;
3185, 0.25053960051397167;
3186, 0.31463460435759816;
3187, -0.09042613204344076;
3188, 0.006679123102712784;
3189, 0.11226568242094818;
3190, 0.22759263926186135;
3191, -0.17842387850259261;
3192, -0.12477322984226862;
3193, -0.10618209619631272;
3194, -0.11828431066039728;
3195, -0.07026780836937777;
3196, 0.008019722794689974;
3197, 0.08028167738624774;
3198, 0.10522162714324505;
3199, 0.09778152296898171;
3200, 0.08693737482530556;
3201, 0.06865234122575727;
3202, 0.01891025674359542;
3203, -0.040627824710339204;
3204, -0.10536271442597171;
3205, -0.18513090715799807;
3206, 0.20478809448586405;
3207, 0.11864955473924027;
3208, 0.009576318847112446;
3209, -0.10503850690996654;
3210, 0.28038721635577535;
3211, 0.1580911463925146;
3212, 0.04139654391963148;
3213, -0.04199068017286109;
3214, -0.09652629767260519;
3215, -0.16692648761535475;
3216, -0.15074888505660675;
3217, 0.2692353244303588;
3218, 0.194257676567424;
3219, 0.11966213629026437;
3220, 0.053890802451042746;
3221, -0.006897992753105753;
3222, -0.06358686640249371;
3223, -0.10073677240137936;
3224, -0.08420911915445035;
3225, -0.03895916243567585;
3226, 0.030276586118984875;
3227, 0.1453440904987912;
3228, 0.28759013560943325;
3229, -0.09644525746209547;
3230, -0.041701837318144336;
3231, -0.009149949121571856;
3232, 0.0335272756697619;
3233, 0.07211087197749604;
3234, 0.10136537940797877;
3235, 0.12125995864534392;
3236, 0.12402416341671696;
3237, 0.13093147411985642;
3238, 0.14807364492348957;
3239, 0.17757132777667925;
3240, 0.20755756529821048;
3241, 0.2489126170765076;
3242, 0.31320930318685525;
3243, 0.3996172227442744;
3244, -0.05651137214992337;
3245, -0.04635851719345889;
3246, -0.02016437302594806;
3247, 0.01675777112025509;
3248, 0.06166475738859665;
3249, 0.1178240241811731;
3250, 0.1869907733939621;
3251, 0.26082459454211376;
3252, -0.16582172498101017;
3253, -0.13177445668269097;
3254, -0.11502981007881176;
3255, -0.1276972726549788;
3256, 0.3018393220809334;
3257, 0.22577848307326756;
3258, 0.12436102769478422;
3259, 0.030161557114539307;
3260, -0.03973225174872005;
3261, -0.07449672337342178;
3262, -0.06574514162695046;
3263, -0.016673827991975625;
3264, 0.056490688480319746;
3265, 0.1133012458270874;
3266, 0.17710646521946083;
3267, 0.24608108003557874;
3268, -0.15063925196851888;
3269, -0.038851556621165045;
3270, 0.1044984647689556;
3271, -0.20111473158474222;
3272, 0.0030272835967262777;
3273, 0.21900110863352956;
3274, -0.04814080216567203;
3275, 0.15368381507926773;
3276, -0.15587377786819448;
3277, -0.015419818248024186;
3278, 0.06598820137939325;
3279, 0.10910401838751338;
3280, 0.1372107764607461;
3281, 0.13133293110859168;
3282, 0.09364609794861577;
3283, 0.023476446959539883;
3284, -0.08014886965927116;
3285, 0.27735182569404376;
3286, 0.13935320282971067;
3287, -0.012248717956197749;
3288, -0.06107987577115094;
3289, 0.3144026347453941;
3290, 0.19244956770141242;
3291, 0.05414024334639147;
3292, -0.08741112572913803;
3293, -0.22581649191620853;
3294, 0.13217375246385907;
3295, 0.026606558377146188;
3296, -0.046961528602833834;
3297, -0.08108826440193083;
3298, -0.068723275507925;
3299, -0.033633913506798986;
3300, 0.018587485974029233;
3301, 0.06303189975345237;
3302, 0.09398136313601363;
3303, 0.08501795869633016;
3304, 0.028515272977384303;
3305, -0.01799437857735975;
3306, -0.05513654177110706;
3307, -0.07424672340512964;
3308, -0.07389809931687322;
3309, -0.06352117380966482;
3310, -0.047430321919730664;
3311, -0.034216481718961585;
3312, 0.03085803618526064;
3313, 0.10661036636400036;
3314, 0.21593236637896646;
3315, -0.16104572006705323;
3316, -0.04418478882757153;
3317, 0.04937633612155321;
3318, 0.1345782632997657;
3319, 0.21547197843459825;
3320, -0.1965169501962145;
3321, -0.10881384228080453;
3322, 0.004656740754400955;
3323, 0.16425717304664694;
3324, -0.15956002684260384;
3325, -0.020328450281001373;
3326, 0.07042075692743757;
3327, 0.09447948190882824;
3328, 0.05414577826999646;
3329, -0.006059768296733798;
3330, -0.09258591909854307;
3331, -0.15988963636287534;
3332, -0.14313893837780822;
3333, -0.11294206936385538;
3334, 0.356222812890284;
3335, 0.3304487993566095;
3336, -0.10695414447697951;
3337, -0.026485587573868208;
3338, 0.03094934365369134;
3339, 0.06635240036725308;
3340, 0.08477253480603225;
3341, 0.09511958085763665;
3342, 0.13084099765095505;
3343, 0.17092698428723463;
3344, -0.227633154293859;
3345, -0.0746596561016508;
3346, 0.13783006896712668;
3347, -0.10211530625795152;
3348, 0.13836747910230232;
3349, 0.34267211247005347;
3350, 0.0068357006631127645;
3351, 0.0902454226219836;
3352, 0.11298560805714415;
3353, 0.1220824604688628;
3354, 0.11372803866227846;
3355, 0.08572312115407468;
3356, 0.05481454213663524;
3357, 0.040249036049424175;
3358, 0.04264831635715781;
3359, 0.058285492221999136;
3360, 0.03912753268097164;
3361, 0.01681939901941548;
3362, -0.020427754217430413;
3363, 0.36349853338475924;
3364, 0.26421190690928165;
3365, 0.14925253799203775;
3366, 0.013958066738952123;
3367, 0.3410700488719549;
3368, 0.1312232168483886;
3369, -0.045600003348349745;
3370, -0.19274185834172217;
3371, 0.17131186187144085;
3372, 0.03985677687599221;
3373, -0.06323089623781197;
3374, -0.15200295365034172;
3375, 0.25207229239312007;
3376, 0.13984162559336497;
3377, 0.0188077312888445;
3378, -0.10476260897832082;
3379, 0.25615621370639363;
3380, 0.14535183228927814;
3381, 0.05395708658566112;
3382, 0.011286332226559996;
3383, -0.022523707521141845;
3384, -0.1604488209179526;
3385, 0.20814243068123314;
3386, 0.09310820078074891;
3387, -0.017600032265915787;
3388, -0.09995242045735159;
3389, -0.17608755224345138;
3390, -0.24816930372462054;
3391, -0.30977024359624933;
3392, 0.11603775061414948;
3393, 0.1097535475068048;
3394, 0.14633115356610027;
3395, 0.20352121084444236;
3396, 0.29471867076602754;
3397, -0.10560659198747513;
3398, -0.04371935197763809;
3399, 0.01235998260380106;
3400, 0.06141780543323015;
3401, 0.13454469863013177;
3402, -0.26165526938298156;
3403, -0.15230558358882465;
3404, -0.028556261851604432;
3405, 0.12922396794411706;
3406, 0.30898218411586;
3407, 0.019740542972961694;
3408, -0.22596360622848857;
3409, 0.042516353834830725;
3410, 0.3144556502831321;
3411, 0.0910093790574167;
3412, -0.22053473399200274;
3413, -0.1355032398454635;
3414, -0.12044375273400999;
3415, -0.11202328219194135;
3416, 0.34275182348717687;
3417, 0.30123734967463295;
3418, 0.22675102647847079;
3419, 0.14845629027452786;
3420, 0.052930655042481546;
3421, -0.04705461779919312;
3422, -0.16118253566721766;
3423, 0.19891701685881413;
3424, 0.017512596707379976;
3425, -0.156499848246194;
3426, 0.1521070974741394;
3427, 0.03316876278857162;
3428, -0.0770077726105244;
3429, -0.14258907846946425;
3430, -0.1718629393615128;
3431, 0.2850256649740166;
3432, 0.21482437715304278;
3433, 0.24839725531712228;
3434, 0.28499372374668663;
3435, -0.1501896396224431;
3436, -0.10142579581331986;
3437, -0.04759891944694901;
3438, 0.0137139172508628;
3439, 0.08390237480437837;
3440, 0.19060135981049353;
3441, -0.16444483283046782;
3442, -0.016879271571584736;
3443, 0.1637745033566572;
3444, 0.37617508114991965;
3445, 0.07382941147299359;
3446, -0.25505288173057933;
3447, -0.1653474058723713;
3448, -0.13602770302826528;
3449, 0.32976019601036516;
3450, 0.23798395861439703;
3451, 0.1513132646270566;
3452, 0.08541916202220538;
3453, 0.046856250398726304;
3454, 0.05350906419839175;
3455, -0.13291878057667966;
3456, 0.1463354455416913;
3457, -0.044781131947683045;
3458, -0.045508679645496;
3459, -0.036347239596366585;
3460, -0.06513655369326148;
3461, 0.31121112981311;
3462, 0.08915494627991366;
3463, -0.16120666407845993;
3464, 0.12400357208039436;
3465, -0.008959927229198724;
3466, -0.06024543150018371;
3467, -0.049388643843519944;
3468, -0.006409210194050818;
3469, 0.03863206722167255;
3470, 0.07794236805187303;
3471, 0.1057011615602853;
3472, 0.09560573486067121;
3473, 0.048887371534029944;
3474, 0.024540254203161877;
3475, 0.0040903648572429814;
3476, -0.004347819469664522;
3477, -4.6961119698303535e-05;
3478, 0.019215958031987137;
3479, 0.0522171663550207;
3480, -0.0015676788871708865;
3481, -0.02620264187332051;
3482, -0.030755783671747066;
3483, -0.03233347128365202;
3484, -0.01905387659631623;
3485, 0.0028875796897728585;
3486, 0.030816896127975956;
3487, 0.06793066531582738;
3488, 0.11605247726514908;
3489, 0.16728845437004666;
3490, 0.25101559379748645;
3491, -0.14687134384622144;
3492, -0.05321139286149589;
3493, 0.058396106478029425;
3494, 0.13210697825259518;
3495, 0.15257791603531035;
3496, 0.13363592606793015;
3497, 0.10328585483305748;
3498, 0.051750488586376195;
3499, -0.00018633252841880144;
3500, -0.03193053696242023;
3501, -0.03032853728736235;
3502, -0.0033512640337391895;
3503, 0.028062731332601343;
3504, 0.012415455627326643;
3505, 0.018554087707231458;
3506, 0.015949846793974137;
3507, 0.004353806826346591;
3508, -0.016018549857625373;
3509, -0.02185473159235211;
3510, -0.011885789311940759;
3511, 0.040460646680485365;
3512, 0.14588452429525797;
3513, 0.2731298610523634;
3514, -0.05052992276853732;
3515, 0.12065130983256854;
3516, -0.19794199770409743;
3517, -0.07147779035804638;
3518, 0.009583938879426558;
3519, 0.0462425202115396;
3520, 0.04582643194904014;
3521, 0.03865640972436866;
3522, 0.0046778475336550366;
3523, -0.055216479055501554;
3524, -0.1124950139394083;
3525, -0.14940058578364254;
3526, -0.17190648820131596;
3527, 0.2981149932379823;
3528, 0.23369474287527608;
3529, 0.1331897128041782;
3530, 0.03644569934279758;
3531, -0.05726728544339189;
3532, -0.14841201088568795;
3533, -0.23463746567465885;
3534, 0.1730942087373918;
3535, 0.11350082269207064;
3536, 0.0726272889743789;
3537, 0.06910541860650055;
3538, 0.09131183143189767;
3539, 0.10583754086033055;
3540, 0.1466107407703817;
3541, 0.19103100381623087;
3542, 0.22385745364850265;
3543, -0.2608052451391537;
3544, 0.22316547151296323;
3545, 0.19801341901895633;
3546, 0.15066947843491535;
3547, 0.08619660824853277;
3548, 0.014448603021555886;
3549, -0.05437045253834716;
3550, -0.09965651765791558;
3551, -0.12087428963301451;
3552, 0.2620787544544783;
3553, 0.10162114056714702;
3554, -0.04227903802418954;
3555, -0.17852575965367914;
3556, 0.18241967733830544;
3557, 0.08176894737903484;
3558, 0.009505030451592183;
3559, -0.0653159136283035;
3560, -0.1466053428247211;
3561, 0.2820385311347697;
3562, 0.22514143416668767;
3563, 0.1888579045342363;
3564, 0.12653853563728543;
3565, 0.06981518758178248;
3566, -0.0061505461171128435;
3567, -0.1077739219613821;
3568, 0.25415163788206224;
3569, 0.12102494507882001;
3570, 0.00501821743244736;
3571, -0.08381552571437484;
3572, -0.05307568120209814;
3573, 0.039769202310209126;
3574, 0.16354873326475133;
3575, 0.32489244631320685;
3576, -0.020490288200326688;
3577, -0.08186632449237939;
3578, -0.11015088501069378;
3579, -0.1305681172926918;
3580, -0.1866178686967474;
3581, 0.22679613788149147;
3582, 0.15365581069952478;
3583, 0.07021028777924634;
3584, 0.011059722003261848;
3585, -0.007553210718625613;
3586, 0.005925628332416553;
3587, 0.06378571779169738;
3588, 0.1491274720555481;
3589, -0.2526067904786631;
3590, -0.18633156449993343;
3591, -0.1338559430861714;
3592, -0.09501906339808541;
3593, -0.08798778258201141;
3594, -0.07901684334073478;
3595, -0.06129366485885373;
3596, -0.05845277476095129;
3597, -0.0640177127701874;
3598, -0.0654529727448135;
3599, -0.055120681754449015;
3600, -0.04657164168446851;
