1, 0.27428775198362926;
2, 0.34603855887311835;
3, 0.3722525354498312;
4, 0.36662230673278723;
5, 0.33345868924158445;
6, 0.2912843290483769;
7, 0.31883115141038265;
8, 0.39047142913372573;
9, 0.4325498910779968;
10, 0.3831369475391539;
11, 0.3429089749095436;
12, 0.3149410171217819;
13, 0.2549363190027835;
14, 0.21426118302127659;
15, 0.1664123656595756;
16, 0.13682928329682736;
17, 0.1109632987498175;
18, 0.10921312213674278;
19, 0.10521216774215099;
20, 0.14265628246409598;
21, 0.17752953521996073;
22, 0.1728129807064081;
23, 0.13473754330562662;
24, -0.06683535918384212;
25, -0.2304907699194273;
26, -0.32933008498996297;
27, -0.36900762181266655;
28, -0.3457316509065392;
29, -0.3038320386370352;
30, -0.2652943929373681;
31, -0.27010978307329325;
32, -0.25954342418461523;
33, -0.2604340749753659;
34, -0.20448238710324093;
35, -0.10586923859727718;
36, -0.07133952984848384;
37, -0.07927955797061738;
38, -0.08568458187510226;
39, -0.004796696691378929;
40, 0.1568622596497683;
41, 0.11974681743281339;
42, 0.12324941425276814;
43, 0.2163227380035501;
44, 0.2643754314616921;
45, 0.19423832242294925;
46, 0.16106413038737719;
47, 0.07569003727694741;
48, -0.07707495010451595;
49, -0.16883253757089456;
50, -0.15090193729849094;
51, -0.07340355222444352;
52, 0.03396969430698703;
53, 0.11788673269826201;
54, 0.15244516616176015;
55, 0.14089394232749808;
56, 0.11880287989043653;
57, 0.0560548819971767;
58, -0.04987353488358951;
59, -0.1702470591226972;
60, -0.11986268982111424;
61, 0.04471227881682934;
62, 0.05143900945501344;
63, 0.026683609436645064;
64, 0.01914685191478003;
65, -0.10904260900753678;
66, -0.2037390413940539;
67, -0.2082711064758426;
68, -0.14481084308184633;
69, -0.10454917738017677;
70, -0.08794475365661729;
71, -0.004096526734951926;
72, 0.03435909043364332;
73, -0.0403169722472202;
74, -0.10034901311665925;
75, -0.0760891731744175;
76, -0.05747320590895468;
77, -0.029385895085245514;
78, -0.03110677573441959;
79, -0.06342367770847722;
80, -0.09025964450899579;
81, -0.10983317649157935;
82, -0.039237473522026285;
83, 0.054866515819951986;
84, 0.12531858402598697;
85, 0.14911212013152383;
86, 0.1144468390099194;
87, 0.000430320172865266;
88, -0.037863655573549995;
89, -0.03421037988882797;
90, 0.09669412607279522;
91, 0.2238258807833141;
92, 0.2597923064370916;
93, 0.18285740470300343;
94, -0.025111032016503224;
95, -0.32435165664085164;
96, -0.17428733515635123;
97, -0.04954915374131436;
98, -0.021378836101304248;
99, -0.0006489672852411448;
100, 0.008941508530370245;
101, -0.010324882733758067;
102, -0.003540606711965441;
103, 0.002856106327994783;
104, -0.014322884648421996;
105, 0.023479958902508886;
106, 0.07401036881632886;
107, 0.0979376980856242;
108, 0.12150585652116905;
109, 0.05405841361524621;
110, -0.020485673156891183;
111, -0.06155822737178288;
112, -0.0826157260091913;
113, -0.13187288804598393;
114, -0.14993584916290872;
115, -0.14081861128760995;
116, -0.023261444055862578;
117, 0.04730240995264926;
118, 0.12846396266615148;
119, 0.119376920989774;
120, 0.06882212807893735;
121, 0.11030003423298927;
122, 0.1801877462795298;
123, 0.05697635898351325;
124, -0.08131526406665476;
125, -0.17180288791925724;
126, -0.11346119076475245;
127, 0.04771663555708448;
128, 0.11588607925855995;
129, 0.10511889354681715;
130, 0.015079484905551275;
131, -0.0013336510732141447;
132, 0.012316738600144615;
133, -0.09558547741312291;
134, -0.1355719979463004;
135, -0.046922867734746;
136, 0.06317663061502361;
137, 0.03922023533620519;
138, 0.04869812448146617;
139, 0.06984942212492895;
140, 0.028143402906841537;
141, -0.005849509518782419;
142, -0.0639206756988382;
143, -0.13114234928497756;
144, -0.25508015518619437;
145, -0.1875113903648724;
146, -0.06457151037028501;
147, 0.027598384176050386;
148, 0.048809226575307084;
149, 0.010320947212853634;
150, -0.049162097442412164;
151, -0.05023547803836383;
152, 0.06199088289640463;
153, 0.08335439430086888;
154, -0.0018754854114509056;
155, -0.018899125029188397;
156, 0.03666588980133033;
157, 0.09338821018311279;
158, 0.10929898855602108;
159, 0.02893443645413595;
160, -0.13180448920740462;
161, -0.19133736122763859;
162, -0.1672058145670839;
163, -0.13543290072536618;
164, -0.053301356806360035;
165, 0.03663910655059174;
166, 0.11701423767284379;
167, 0.1873913049438149;
168, 0.12579310131831836;
169, 0.013539438476587498;
170, -0.02450011541080105;
171, 0.0013075056521359278;
172, 0.031160166552990313;
173, 0.0565732053186825;
174, 0.056995166006498975;
175, 0.045381421437527616;
176, 0.019611151064052337;
177, -0.028685220739837085;
178, -0.10429517570542632;
179, -0.22075052353086497;
180, -0.22298802438445173;
181, -0.16021954880209577;
182, -0.07268260328833082;
183, 0.04165839516294604;
184, 0.17348112406063848;
185, 0.23129490527124533;
186, 0.11604137959086641;
187, 0.009793244438342168;
188, -0.04168482592887231;
189, -0.08060678637890141;
190, -0.11645169429238408;
191, -0.06378984788350074;
192, -0.030306470717562005;
193, -0.038198661615167655;
194, -0.018538888348505426;
195, 0.009992128678441282;
196, 0.02477157515475552;
197, 0.033261507559078765;
198, 0.02955885882314665;
199, 0.008150041930306424;
200, -0.020954489147258393;
201, -0.012426322771293782;
202, -0.013984794644446472;
203, -0.05351150265646262;
204, -0.010531161321919875;
205, 0.008915813506552203;
206, 0.020318078378131214;
207, 0.00737748418217411;
208, 0.023927099874417494;
209, 0.05148561578019673;
210, 0.024207280540228297;
211, -0.0042246902686580495;
212, -0.026847302264482727;
213, -0.05656233367997137;
214, -0.08800676860359588;
215, -0.11907836075874986;
216, -0.14106337562227905;
217, -0.09637347679353295;
218, -0.03335274965149463;
219, 0.02423435920680958;
220, 0.0650218192295068;
221, 0.08479391429936048;
222, 0.07342170798977604;
223, 0.02600698015043324;
224, -0.029037417409801165;
225, -0.05310513242784461;
226, -0.07630371333518024;
227, -0.054591454576415226;
228, 0.013086028310517075;
229, 0.03979643610439268;
230, 0.05738361545965936;
231, 0.07946123871387692;
232, 0.11041388123236859;
233, 0.0823572483368242;
234, 0.018774696771443337;
235, -0.044570244222459206;
236, -0.08899008933000217;
237, -0.12362019470533682;
238, -0.12647701696915037;
239, -0.11037699341701043;
240, -0.07695451219864612;
241, 0.0007413434276031584;
242, 0.025361830555459274;
243, 0.021638824422866965;
244, 0.004456764254884453;
245, 0.0014508386774646752;
246, 0.018425835838703063;
247, 0.04457774711346411;
248, 0.06946767883519771;
249, 0.0784513417516218;
250, 0.05656760192916616;
251, 0.0066383414347491445;
252, -0.0042072822187274005;
253, -0.03465178431029115;
254, -0.02484610890756816;
255, 0.02040705225875485;
256, 0.039840388162989314;
257, 0.059490288497908626;
258, 0.06098451637726965;
259, 0.07873654112976025;
260, 0.07123899894201403;
261, 0.046441910600843656;
262, 0.030108746879845005;
263, 0.005745461597185336;
264, -0.058378441737939234;
265, -0.09978268751821345;
266, -0.10206240821931918;
267, -0.07527460315315569;
268, -0.0429787417248945;
269, -0.029091942334268005;
270, -0.0397492143295371;
271, -0.05876302001266091;
272, -0.054658186105882356;
273, -0.04262090809543197;
274, -0.038040787584231635;
275, -0.05109553482590509;
276, -0.08203013124100586;
277, -0.08896304311440362;
278, -0.05927802550093337;
279, 0.005427180680161967;
280, 0.06591916946969023;
281, 0.11144242072469702;
282, 0.07836736644133654;
283, 0.04494432012827314;
284, -0.005658221046638748;
285, -0.04714950707656622;
286, -0.04650674262882221;
287, -0.024880591993206778;
288, -0.028553493248978684;
289, -0.003558581702944208;
290, 0.07107445567462922;
291, 0.09275066586758919;
292, 0.03412617518366487;
293, -0.03462523884692594;
294, -0.064111297247337;
295, -0.07875201129652279;
296, -0.07025647830018172;
297, -0.04793070238109925;
298, 0.015401267171710262;
299, 0.08972296120476624;
300, 0.09527063014577121;
301, 0.09512886411125808;
302, 0.07601074250617988;
303, 0.06781768064378049;
304, 0.06326070327825702;
305, 0.08277761165299125;
306, -0.006751193923408016;
307, -0.09139833830266982;
308, -0.16232138216792202;
309, -0.2278668170266166;
310, -0.18434265820714307;
311, -0.04744017556429252;
312, 0.002691246719478403;
313, 0.030686481236715902;
314, 0.06424362452187603;
315, 0.061493884906043635;
316, 0.01753972482853502;
317, -0.03255708064916848;
318, -0.056049163910221446;
319, -0.057775696065886235;
320, -0.03795651573910428;
321, 0.010686083432427723;
322, 0.06929716570599169;
323, 0.17656515355846986;
324, 0.22176632321497702;
325, 0.11902539851695093;
326, 0.029286299102777885;
327, -0.03270498271691433;
328, -0.09098360914850272;
329, -0.07813392638063754;
330, -0.12427963224420281;
331, -0.06164849145871951;
332, 0.02124270646678987;
333, 0.07159909854527;
334, 0.10067996838043383;
335, 0.10721893091859976;
336, 0.014550073418949656;
337, 0.021073561873855142;
338, 0.07928005592535223;
339, 0.09653465187271125;
340, 0.09076337887576982;
341, 0.05687828092373737;
342, 0.029132694614068436;
343, 0.016642442287815543;
344, 0.01122820115726359;
345, 0.00014960263352033773;
346, -0.03788728324596886;
347, -0.02927476054042188;
348, 0.00021529973755827226;
349, -0.01608818565744334;
350, -0.05594811602602692;
351, -0.11739771317365268;
352, -0.14769291556721476;
353, -0.08603442025382206;
354, 0.04306086509116586;
355, 0.14529845266720642;
356, 0.16610796425166174;
357, 0.10838103977480584;
358, 0.07112756338635069;
359, 0.04576088196847437;
360, -0.012381410051708683;
361, 0.1014123087304809;
362, 0.07001030402626336;
363, -0.024002968034019596;
364, -0.004145720466507494;
365, 0.029761419535788133;
366, 0.02956469496453905;
367, 0.03989277915559242;
368, 0.07108556174371551;
369, 0.09462866578260118;
370, 0.05740472538341885;
371, -0.03925828691094368;
372, -0.049156303263497424;
373, -0.09191407393805347;
374, -0.16523577135608267;
375, -0.23755393891846638;
376, -0.2457305570846216;
377, -0.0700311565801599;
378, 0.24835325669809963;
379, 0.4242218499124705;
380, 0.3439474063566048;
381, 0.18642832203157922;
382, 0.08639161045862721;
383, 0.0055127533620966535;
384, -0.05595598482983698;
385, -0.1427546928666949;
386, -0.1723099848792408;
387, -0.16305942941493032;
388, -0.11772658150353851;
389, -0.052920245751292144;
390, 0.010583669249960716;
391, 0.05581972427239232;
392, 0.06128135894420839;
393, 0.0652472718724589;
394, 0.09589277702949356;
395, 0.1290494791043786;
396, 0.11491826786389531;
397, 0.0757742643620986;
398, 0.04984992399616171;
399, 0.006880186859472502;
400, -0.038839926603710086;
401, -0.10178414663748653;
402, -0.1480747853038787;
403, -0.10200871862790754;
404, -0.046294644684259076;
405, -0.05309492715327866;
406, -0.09631054426704294;
407, -0.07667898657035663;
408, 0.021184613053223163;
409, 0.17483064853205044;
410, 0.4523992228437238;
411, 0.1707180739468936;
412, 0.011496658625816699;
413, -0.11809309856837734;
414, -0.21432121174431276;
415, -0.0639591603263461;
416, 0.1424292430799888;
417, 0.0665368873537709;
418, -0.1299131787944801;
419, -0.21022537739024216;
420, -0.12415391266114535;
421, -0.045069877456417;
422, -0.004918311784621932;
423, 0.030361897555548602;
424, 0.09853497520758908;
425, 0.12927281460045806;
426, 0.10862306256093475;
427, 0.07518269413709494;
428, 0.008599616725919084;
429, -0.04451161984367522;
430, -0.06352222239100463;
431, 0.013630714138985488;
432, -0.025856710279948195;
433, -0.14700636467278597;
434, -0.1873753312273205;
435, -0.09695927857660813;
436, -0.011885172421442816;
437, 0.032585061229269525;
438, 0.09103169814789654;
439, 0.17524582528597918;
440, 0.15517823268647055;
441, 0.03193662681154464;
442, -0.05568269160535878;
443, -0.016614095794909342;
444, 0.054845771808997655;
445, 0.07434530212298526;
446, 0.056017115767286275;
447, 0.029256852073957694;
448, 0.003902107582225265;
449, -0.06937326885546867;
450, -0.10673004007892191;
451, -0.13848287907132897;
452, -0.1018596623122763;
453, -0.02717227088144506;
454, 0.08697273482419302;
455, 0.2523185597716749;
456, 0.3934406381026962;
457, 0.3759212645163247;
458, 0.12974703535794735;
459, -0.03770359949377586;
460, -0.10838067050500248;
461, -0.16603224156198218;
462, -0.126978216802274;
463, 0.04000439654865895;
464, -0.009416561823416244;
465, -0.04635060360646234;
466, 0.04396229744117567;
467, 0.08400304468547878;
468, 0.08271397975187364;
469, 0.09387395103946793;
470, 0.06577820351975108;
471, -0.03393772057751224;
472, -0.14240623085724224;
473, -0.10708039879236465;
474, -0.08423815205528999;
475, -0.03241168010459063;
476, 0.022967306110483678;
477, 0.0034844807791010973;
478, -0.05428654626177128;
479, -0.14101552161276013;
480, -0.19455965429184807;
481, -0.1434965391166803;
482, -0.12762024830540827;
483, -0.11182759710460023;
484, -0.06263307945195101;
485, 0.0024606063952886097;
486, 0.05478791170680671;
487, 0.08186618663830227;
488, 0.10556142983617765;
489, 0.10260966606791805;
490, 0.05291824609935691;
491, 0.012078061622234139;
492, -0.005125774274153344;
493, -0.06509765605712559;
494, -0.06542520396771451;
495, 0.014189673364353676;
496, 0.03496993206638542;
497, 0.11208492220758104;
498, 0.0896608007878651;
499, 0.024418911302540203;
500, -0.0062101764547362924;
501, 0.02831544962473096;
502, 0.054164923335532446;
503, 0.021251342904191187;
504, -0.0036354839858456648;
505, -0.008670282657291242;
506, -0.003509225548625126;
507, -0.047809747497504704;
508, -0.04664807505106623;
509, -0.05261183832551139;
510, -0.04968138030590702;
511, -0.003392604773522773;
512, 0.04945493958648105;
513, 0.07060620477896111;
514, -0.011432095157695131;
515, 0.004513190359338963;
516, -0.004117240476972377;
517, -0.030852024330068346;
518, -0.04402657836194769;
519, -0.052681434493453166;
520, -0.033676833139928274;
521, 0.06103583928494148;
522, 0.03181387649340611;
523, 0.0048840122148855955;
524, -0.04243956305199366;
525, -0.030075637925474696;
526, 0.07071933561872176;
527, 0.1747887140293795;
528, 0.17349294628934342;
529, 0.08876017971242331;
530, -0.009346829697046857;
531, -0.05698833115813837;
532, -0.09429807978862996;
533, -0.09249634527800854;
534, -0.06084178240827191;
535, -0.018573053078813562;
536, 0.012361175744982945;
537, 0.025434931989034588;
538, -0.001836067146790146;
539, -0.025359613817639633;
540, -0.007117747075977626;
541, -0.017037875416257287;
542, -0.0005959843979032078;
543, 0.03451516287553865;
544, 0.06749468146576948;
545, 0.07234788818655824;
546, 0.05111034254502035;
547, -0.07931028569425562;
548, -0.23315533130061497;
549, -0.2741420190962284;
550, -0.16286022514100162;
551, -0.03077235492949031;
552, 0.03912860830799429;
553, 0.12010274876328886;
554, 0.14558540327941238;
555, 0.12919103252900496;
556, 0.10774891701139541;
557, 0.08010774621462784;
558, 0.0367068955344958;
559, 0.002568698212882419;
560, -0.014274130963382115;
561, -0.08159127645968506;
562, -0.16935758328132083;
563, -0.1867824014180408;
564, -0.1814345745806249;
565, -0.16777945282663584;
566, -0.06653915668456255;
567, 0.047020746612627944;
568, 0.11409338066812713;
569, 0.11650742046271129;
570, 0.04756609992424094;
571, 0.020566610383794138;
572, 0.015988706050913747;
573, 0.0014191573984841642;
574, -0.019959045181307415;
575, -0.007883784974081596;
576, -0.07521170419664781;
577, -0.056211569888744324;
578, -0.024244563921875822;
579, 0.0031443898363410216;
580, -0.023516292813161983;
581, -0.08761725050600454;
582, -0.14714949588657217;
583, -0.15978427481886828;
584, -0.10456243752311609;
585, -0.025095691094171885;
586, 0.10143698826233967;
587, 0.24787658533191523;
588, 0.2818433870254425;
589, 0.24023017705843647;
590, 0.14981296064834376;
591, 0.01601481846150954;
592, -0.03608648309984991;
593, 0.041212658535289645;
594, -0.039495962384387434;
595, -0.18724065964902975;
596, -0.13438668104245202;
597, -0.047628726963893614;
598, -0.06444318463761525;
599, -0.08924494144429981;
600, -0.06665631032718115;
601, -0.0033096330938031187;
602, -0.04769829515685029;
603, -0.059471450142939586;
604, -0.020166042167086694;
605, 0.0745372832557601;
606, 0.08954831337276184;
607, 0.03828098080633474;
608, -0.01384718121672218;
609, -0.015663322285172466;
610, 0.008634232972486798;
611, 0.02451021997542062;
612, 0.005887493953556658;
613, -0.013761141352536258;
614, -0.003119444989723529;
615, -0.011184080129756932;
616, -0.044541365645336325;
617, -0.09610445255178163;
618, -0.09164771850988108;
619, -0.022760926812375498;
620, 0.047693226089549436;
621, 0.09316047142437797;
622, 0.07805297236874353;
623, 0.08849007563624697;
624, 0.03267253341269277;
625, -0.0447236982057488;
626, -0.08210901510400219;
627, -0.09323301615574972;
628, -0.093407898977629;
629, -0.07825344670699597;
630, -0.04736544039158713;
631, 0.018463485692655456;
632, 0.08478960615165446;
633, 0.10299262682900104;
634, 0.07269398910726815;
635, 0.013332392254834433;
636, 0.07584485643951007;
637, 0.08926534080343766;
638, 0.07823580568138937;
639, 0.06706388907515566;
640, 0.07052605085164107;
641, 0.03933228634154083;
642, -0.015301354512411255;
643, -0.01816873285710397;
644, -0.018317384654450607;
645, 0.0018822385728550159;
646, 0.05718635824469389;
647, -0.022135186821566396;
648, -0.07879209945017684;
649, -0.08167209619165058;
650, -0.04159313511769538;
651, -0.09502521679144768;
652, -0.062267107899321716;
653, 0.040082967091822096;
654, 0.08410182435788108;
655, 0.0971406963550077;
656, 0.07574598724715544;
657, 0.052588160298119344;
658, -0.0026884119582878427;
659, -0.022745536094570667;
660, -0.046619260816409096;
661, -0.09714302946876538;
662, -0.12282693043273023;
663, -0.07457280589184519;
664, -0.016527089115238223;
665, 0.0406528477513749;
666, 0.12432067154735041;
667, 0.17502252895487888;
668, 0.09912913591621335;
669, -0.0420861606601716;
670, 0.006571777475442789;
671, 0.08142128366520197;
672, -0.0494224941987574;
673, -0.11424334896827275;
674, -0.08464587627318702;
675, -0.014242764291084084;
676, 0.024375158425837515;
677, 0.1668663660978317;
678, 0.11989918039168392;
679, 0.05531812439698171;
680, 0.04578766801671147;
681, 0.05012130037466058;
682, -0.039013805123624117;
683, -0.005504141262932381;
684, -0.007786006806146026;
685, -0.10495960957663188;
686, -0.09057717177992046;
687, -0.0003020065589590575;
688, 0.07539284222519634;
689, 0.03661979821587295;
690, 0.02900963769009317;
691, 0.020237742053908298;
692, 0.01009621017002049;
693, -0.034632225879205523;
694, -0.04946804866450078;
695, 0.013460235139261294;
696, 0.023536269190525063;
697, 0.04096485891473675;
698, 0.04450979251764823;
699, 0.0616719423292325;
700, 0.03268039997850402;
701, -0.000288150140402254;
702, 0.06825189717257105;
703, 0.017429640464652195;
704, -0.09095956744630432;
705, -0.19126169448792923;
706, -0.3393200640705489;
707, -0.16438069355639018;
708, 0.27552018995238686;
709, 0.35770321008198325;
710, 0.16980575373268128;
711, -0.0012509503032502374;
712, -0.052619419546474575;
713, -0.023384083033560387;
714, -0.01332753411892127;
715, 0.02277755906001924;
716, 0.055256621392230525;
717, 0.06530863556178428;
718, 0.042593878664824454;
719, 0.08780836441424116;
720, -0.025299152041834014;
721, -0.07774133662968177;
722, -0.11794184901391394;
723, -0.1686207053886899;
724, -0.13654814029152898;
725, -0.060506502211800234;
726, 0.0506406257601328;
727, 0.15329047509665428;
728, 0.27669545264658885;
729, 0.38331005674697755;
730, 0.3990459131330274;
731, 0.39481641989512684;
732, 0.3965458838292305;
733, 0.36839866233692226;
734, 0.30645773716891644;
735, 0.26681496206270305;
736, 0.24783190368570707;
737, 0.13722509576606712;
738, -0.05115036020171195;
739, -0.02672531286593903;
740, -0.03344055697523943;
741, 0.020967178600501575;
742, 0.05729420740726691;
743, 0.0681546371013596;
744, 0.02582182771152229;
745, -0.05507504695391437;
746, -0.034223386018902534;
747, -0.025371218960460185;
748, -0.06519046586770669;
749, -0.12506779947452348;
750, -0.21982149106055154;
751, -0.3820993553416458;
752, -0.592256675188127;
753, -0.7687445338627543;
754, -0.8552675819913942;
755, -0.9010007519396246;
756, -0.8954261207079764;
757, -0.7127626721716962;
758, -0.1372021227082997;
759, 0.2941879646522635;
760, 0.14945052793133012;
761, -0.05809144412775829;
762, -0.006400731422770535;
763, 0.13080062365193793;
764, 0.05468863407966957;
765, -0.04049232504884922;
766, -0.015934380867840547;
767, 0.07875180987663004;
768, 0.06668574001151059;
769, 0.021203955517423788;
770, -0.0038974385572114042;
771, -0.005478037524581969;
772, -0.02414251677121338;
773, -0.022526350967281266;
774, -0.013844579543107508;
775, 0.02865424012233349;
776, 0.0342613782866726;
777, 0.005809979745831035;
778, 0.027400392337976087;
779, 0.051232540077453224;
780, 0.051806712659220676;
781, -0.050877316514100886;
782, -0.12491922992363305;
783, -0.1570229032042296;
784, -0.07826938685350823;
785, 0.023099499105094214;
786, 0.059706356092858036;
787, 0.025588486122770853;
788, -0.01318840948250166;
789, -0.004231261536709013;
790, 0.013034696450850007;
791, -0.0686531681209043;
792, -0.01074124171055732;
793, 0.09008359233273917;
794, -0.03374963356266387;
795, -0.14554118601795699;
796, -0.15395031547530577;
797, -0.12656669358139983;
798, 0.04582249407566747;
799, 0.2032377072810018;
800, 0.25799240708549304;
801, 0.17897500270028543;
802, 0.024278245803941067;
803, -0.0918437783954841;
804, -0.11292850788339276;
805, -0.10185311616576197;
806, -0.035397596853664615;
807, 0.058219701601464384;
808, 0.0734306823649974;
809, 0.11840694992625933;
810, 0.10146963506995607;
811, 0.07922646704388696;
812, -0.0006661085657138414;
813, -0.08169364252517769;
814, -0.03206803874457107;
815, 0.005430115256099379;
816, 0.011429560624044707;
817, 0.10038183336918327;
818, 0.12972955658725435;
819, -1.6424274890484226e-05;
820, -0.12235364963474041;
821, -0.17261172306857275;
822, -0.1572054847420095;
823, -0.08179140390812221;
824, 0.04073875389513202;
825, 0.06911979870543518;
826, 0.020744809360407637;
827, 0.015266071342198663;
828, 0.0703024076307255;
829, 0.1137448291387221;
830, 0.16900315141004693;
831, 0.1745799646905333;
832, 0.1051048389143009;
833, 0.06088850622839265;
834, 0.11703881649475618;
835, 0.06411236589176797;
836, -0.07544701298635177;
837, -0.07710131373047797;
838, 0.026681025667020856;
839, -0.13343360686994019;
840, -0.03227154892820698;
841, -0.09752661127451767;
842, -0.07316419265689651;
843, 0.041623045971768594;
844, 0.15949067735020156;
845, 0.19096259154219408;
846, 0.12791646982767774;
847, -0.04878897492409058;
848, -0.10218823410732004;
849, -0.062292520375790215;
850, 0.0849440112844376;
851, -0.049467880814590165;
852, -0.1238976282276104;
853, -0.08497726235173224;
854, -0.009690755842414783;
855, 0.054951921211475754;
856, 0.1173729497168386;
857, 0.03858290363056839;
858, -0.06014145663117788;
859, -0.07310509829836277;
860, -0.05660020117930788;
861, -0.07325292930964647;
862, 0.016981420217818267;
863, 0.07740516123368678;
864, 0.028717460791170064;
865, -0.0109088118713304;
866, 0.029777385419286696;
867, 0.016494375727157284;
868, 0.03818537909224026;
869, -0.01943825390661575;
870, -0.028311815114666246;
871, 0.0303012528233404;
872, 0.03373822816123696;
873, -0.1486248126760029;
874, -0.31940282582598034;
875, -0.21946493309040974;
876, -0.07371664825772772;
877, 0.16002649342989292;
878, 0.4899213262291418;
879, 0.3683715042213833;
880, -0.05366087229192703;
881, -0.336170550727586;
882, -0.5486799849416251;
883, -0.2656901830266198;
884, -0.0914314942550151;
885, 0.08766321340653045;
886, 0.009944706602692352;
887, 0.01810848760768306;
888, 0.3825379471581066;
889, 0.3594862517075581;
890, 0.13958852881259812;
891, -0.06991738791073887;
892, -0.1521338045775524;
893, -0.1788251351100862;
894, -0.11156839767761745;
895, -0.03890351374485152;
896, 0.001751144547559307;
897, 7.276703738837177e-05;
898, -0.020034212847282514;
899, -0.021468744905930055;
900, 0.014350647023639225;
901, 0.01102183864414647;
902, 0.017169186639337343;
903, 0.02645732202013746;
904, 0.04159063415402708;
905, 0.06603653907919385;
906, 0.08015694861842877;
907, 0.052293382285081264;
908, -0.04636903016965066;
909, -0.1329548709498551;
910, -0.13136258515270746;
911, -0.15588804198351483;
912, -0.04533573492985454;
913, 0.15226059840003786;
914, 0.1003810332846093;
915, -0.05672794335378836;
916, -0.05144683126084852;
917, 0.03025381396260041;
918, 0.1335881462826518;
919, 0.23954249037961245;
920, 0.22111962548432743;
921, 0.10106441181572733;
922, -0.05887607252246328;
923, -0.13502188105422389;
924, -0.1675432768123937;
925, -0.18716069595160842;
926, -0.1236836587565438;
927, -0.01341061199168438;
928, 0.0962531172176214;
929, 0.098225135462571;
930, 0.07006635470641778;
931, 0.0005869385186199123;
932, -0.0465246494167873;
933, -0.08804911713604636;
934, -0.06161100497868013;
935, -0.04928749811063944;
936, -0.061764143404137745;
937, 0.073514752790232;
938, 0.03670873628851564;
939, -0.018640434746934508;
940, -0.008418232797251492;
941, 0.043011956984208205;
942, 0.04045233760514153;
943, 0.018826854452670676;
944, 0.009558828050663033;
945, 0.019672112473091908;
946, -0.034859547251162575;
947, -0.11280805319253188;
948, -0.1056891915931477;
949, -0.05562886773401865;
950, 0.008279068156603182;
951, 0.04498265145286267;
952, 0.0019018309655725566;
953, 0.01093550728061576;
954, 0.059700154038660476;
955, 0.055056208598945326;
956, 0.02364284325327704;
957, -0.05338548094356603;
958, -0.04684573286781839;
959, 0.006007149119343273;
960, -0.000524276174536044;
961, -0.029957510753374463;
962, -0.014560210994051652;
963, 0.00495896391397569;
964, 0.006694234335987572;
965, 0.01944500706801986;
966, 0.00927509624024313;
967, -0.030107411913555843;
968, -0.029029913959296567;
969, 0.036986832817936195;
970, 0.03521004360153203;
971, -0.00757094015616364;
972, 0.013855151289978315;
973, 0.024647225226968744;
974, -0.030422024191032668;
975, -0.12224481575269174;
976, -0.10748080475415848;
977, 0.15799038449407002;
978, 0.6068316424273211;
979, 0.39689144763022643;
980, 0.014740119242255007;
981, -0.3071431802539351;
982, -0.30319481323634184;
983, -0.19869442423018646;
984, -0.10066474439354023;
985, -0.15744054735184454;
986, -0.10967387014140599;
987, 0.046215839151221044;
988, 0.09144586220736453;
989, 0.04986189728978624;
990, 0.05311683716161213;
991, 0.05665210876416839;
992, 0.007933941884374294;
993, 0.030064626971337754;
994, 0.04622541219112364;
995, -0.09178674859085105;
996, -0.08072675990001853;
997, 0.05109820140148521;
998, 0.0881221206571738;
999, -0.0019483358534598664;
1000, 0.002737868151153656;
1001, -0.04083218195288392;
1002, 0.004552225534553709;
1003, 0.022311468392700866;
1004, -0.0032236265757994388;
1005, -0.06972969814067899;
1006, -0.10170763505322702;
1007, -0.031949766102548294;
1008, 0.06108496335878414;
1009, 0.10167143542250241;
1010, 0.1363302711075389;
1011, 0.13706964436884111;
1012, 0.1074635441883493;
1013, 0.0490377234561382;
1014, -0.014946389997420985;
1015, -0.06524805517204182;
1016, -0.08096327161408194;
1017, -0.08867090593995935;
1018, -0.046116729373994525;
1019, 0.09062404666496075;
1020, 0.1829589762789191;
1021, 0.10092898491283875;
1022, -0.09681427863381697;
1023, -0.15964831639126273;
1024, -0.0700890312293431;
1025, -0.008302945925388867;
1026, 0.0937651339424103;
1027, 0.13380207658873927;
1028, 0.12585559743504077;
1029, 0.07419633532730634;
1030, 0.009820816024160987;
1031, 0.03705746685782533;
1032, -0.008353069265699443;
1033, -0.12587070392699692;
1034, -0.41479064318435227;
1035, -0.3086838186335837;
1036, 0.06359157237907749;
1037, 0.25062552486317363;
1038, 0.20056602346860664;
1039, 0.134344455599936;
1040, 0.12858818838500438;
1041, 0.06734105963256927;
1042, -0.10564183553836362;
1043, -0.30251225716978586;
1044, -0.22712037168908009;
1045, -0.12476992742813288;
1046, -0.07260496710967014;
1047, 0.01593331390190868;
1048, 0.1022163825373317;
1049, 0.13278233802672457;
1050, 0.1536233997993802;
1051, 0.1466218205275461;
1052, 0.11813128442304432;
1053, 0.04655012903322005;
1054, 0.027948404392173373;
1055, -0.08418303014464103;
1056, -0.07489262711154838;
1057, 0.05418102237996011;
1058, 0.09869172464412393;
1059, 0.07813586784460377;
1060, 0.008452915344533901;
1061, -0.037414796937556;
1062, -0.041801811721580304;
1063, -0.027524299701498518;
1064, 0.015229071067400382;
1065, 0.05923155345567857;
1066, 0.05228154327138525;
1067, 0.0013118449639753528;
1068, 0.01009979488461172;
1069, 0.038941140099816425;
1070, 0.010748112366898868;
1071, 0.027883716155618243;
1072, 0.08380941862357981;
1073, 0.038060498758735926;
1074, 0.026803815709638232;
1075, -0.015524857858401313;
1076, -0.04112651796115734;
1077, -0.07142628587228843;
1078, -0.10958142960062828;
1079, -0.12069247263927563;
1080, -0.1381595665734848;
1081, -0.1338779839133205;
1082, -0.028074871466832817;
1083, 0.11102896722985067;
1084, 0.19095575445583465;
1085, 0.1409964426729192;
1086, 0.02767128418973295;
1087, 0.00650528009660098;
1088, -0.06293378536433264;
1089, -0.018816849478998074;
1090, 0.20005556951041062;
1091, 0.2000633409612725;
1092, 0.06333477096781782;
1093, -0.08204714003194911;
1094, 0.09236741976165816;
1095, 0.023145788193946432;
1096, -0.08099938731985125;
1097, 0.00021766749553750033;
1098, -0.08116986687907514;
1099, -0.1613230948244851;
1100, -0.03664933980014279;
1101, -0.0016606359592528676;
1102, 0.025812923833263383;
1103, 0.2711682446096889;
1104, 0.38632405366709954;
1105, 0.2556244476863722;
1106, -0.15510524595033415;
1107, -0.24564910511799276;
1108, -0.12746614530246428;
1109, -0.012627982689414917;
1110, 0.03204701106726778;
1111, -0.007230649360109982;
1112, -0.04673638088904558;
1113, -0.01625029398212471;
1114, 0.02929718752648007;
1115, 0.08133085732335175;
1116, 0.1000228080053553;
1117, 0.06344245451847903;
1118, -0.011150515183129428;
1119, -0.02618306198017407;
1120, 0.02412719375287251;
1121, -0.03480548055695174;
1122, 0.04462942250594825;
1123, 0.09412239688217672;
1124, 0.04185226180971689;
1125, -0.050856206590341395;
1126, -0.051085114703453546;
1127, 0.12964906136511603;
1128, 0.08958324853415973;
1129, -0.007538075143663438;
1130, -0.033122793035940776;
1131, -0.020827956051634098;
1132, -0.13755916184818529;
1133, -0.24635128283910068;
1134, -0.23306869277174783;
1135, -0.11214477189071259;
1136, -0.0407177698588055;
1137, 0.06424404974164961;
1138, 0.14733115424984367;
1139, 0.10590100699036131;
1140, 0.051733345463286874;
1141, 0.030554720735375077;
1142, -0.008679787438230184;
1143, -0.047021149452413445;
1144, -0.056862105787350216;
1145, -0.13458237165825165;
1146, -0.13071494746255835;
1147, -0.1546868520731184;
1148, -0.1188394487909645;
1149, -0.021313389183153092;
1150, 0.019604531063577322;
1151, 0.17146735594791965;
1152, 0.11123851665327085;
1153, 0.07014645268376761;
1154, -0.024319915103753205;
1155, -0.09339263582575624;
1156, -0.07638635144117752;
1157, -0.1004378616693496;
1158, -0.10775352169394353;
1159, -0.03445044106900139;
1160, 0.015198135769372656;
1161, 0.07290436099525038;
1162, 0.08421504471759407;
1163, -0.019300640478891462;
1164, -0.03647369605866869;
1165, -0.045862576634324505;
1166, -0.010678279530583106;
1167, 0.04771243371432186;
1168, 0.07695761742199267;
1169, 8.350534732049019e-05;
1170, -0.03487005241756884;
1171, -0.0704115156676282;
1172, -0.07324689790285804;
1173, -0.05691589608870823;
1174, -0.0517382992736491;
1175, -0.016006947979200374;
1176, -0.0036473228316917755;
1177, 0.02497049967883318;
1178, 0.043307061745072296;
1179, 0.03743267295303747;
1180, 0.016401097055825844;
1181, -0.02082844785187223;
1182, -0.06308798907722302;
1183, -0.08945520143234162;
1184, -0.08719022354838572;
1185, -0.05310450019318126;
1186, -0.002383570783608147;
1187, 0.017144941838747093;
1188, 0.1361279224452845;
1189, 0.14607653211789856;
1190, 0.09844279763167132;
1191, 0.04659304825536663;
1192, 0.011258281539746536;
1193, -0.12260205631247006;
1194, -0.23556585184207304;
1195, -0.16035180893667053;
1196, -0.0375599983002399;
1197, 0.095983259321314;
1198, 0.17994682011281696;
1199, 0.22235939289918225;
1200, 0.11315615152717821;
1201, 0.11922522943054596;
1202, 0.07554859575226149;
1203, -0.06416045489116178;
1204, -0.2040032315583793;
1205, -0.19647094443913385;
1206, -0.12904804678514128;
1207, -0.07403809202656696;
1208, -0.027165983783292786;
1209, -0.02068865013731102;
1210, -0.027203934648084897;
1211, -0.00567616252358536;
1212, 0.02535754590674074;
1213, 0.023056346571571858;
1214, 0.01723525012616019;
1215, 0.02860898554843042;
1216, 0.04964666334939294;
1217, 0.09194755999522299;
1218, 0.09339549486923386;
1219, 0.08639041872426179;
1220, 0.0773360238555007;
1221, 0.07764459913119208;
1222, 0.07556513456345497;
1223, 0.13489888623471555;
1224, 0.05804515391990667;
1225, 0.03714413895667461;
1226, -0.05162457872120245;
1227, -0.10403892484187349;
1228, -0.07419156279484761;
1229, -0.020498762092921653;
1230, -0.004906339609996816;
1231, -0.05361276650754215;
1232, -0.0706994174293277;
1233, 0.00498530907644755;
1234, 0.0427289251079156;
1235, 0.0335012515029211;
1236, 0.042357355760767;
1237, 0.03553185887817344;
1238, 0.002165903299260641;
1239, -0.036909495971616135;
1240, -0.03051229946796334;
1241, -0.03460609724311837;
1242, -0.07795190434255975;
1243, -0.07236636846171796;
1244, -0.03511930114235012;
1245, 0.03981239303589602;
1246, 0.1476447258578746;
1247, 0.008594380927707016;
1248, -0.27231274041527354;
1249, -0.35188342846087145;
1250, -0.07443938199789006;
1251, 0.19050237506224782;
1252, 0.31221224755478344;
1253, 0.35024723872210156;
1254, 0.2697723599929626;
1255, 0.14392273801474006;
1256, -0.04731703527486164;
1257, -0.12697798740739616;
1258, -0.1125319904445284;
1259, -0.08819302045942143;
1260, -0.06504666325427798;
1261, -0.07143188646430626;
1262, -0.04616548417803381;
1263, -0.015488407571810178;
1264, 0.02873974622380363;
1265, 0.06191534484162675;
1266, 0.05851710590610403;
1267, 0.06476263323051687;
1268, 0.06004628013685698;
1269, -0.01416155962332354;
1270, -0.11684899503083136;
1271, -0.14732744476681886;
1272, -0.14249601377443505;
1273, -0.12113144491553388;
1274, -0.057010406778383656;
1275, -0.13573207081106559;
1276, -0.0009883245000919117;
1277, 0.023969636398767858;
1278, -0.05675008835199671;
1279, 0.00041939426268304;
1280, 0.022659763111742635;
1281, 0.12292557582520401;
1282, 0.17495170748258956;
1283, 0.10911227791043981;
1284, -0.01982578354226591;
1285, -0.04453723038303825;
1286, -0.018934303572956706;
1287, 0.004242064972406453;
1288, 0.008217039781631743;
1289, 0.008709467778426145;
1290, -0.05471474593076566;
1291, -0.09019291297952867;
1292, -0.10365391631188092;
1293, -0.0354966417289257;
1294, 0.056343466348512755;
1295, 0.1303857322428572;
1296, 0.19177493475464163;
1297, 0.11380218345318237;
1298, 0.013314033950609771;
1299, -0.04570303529427628;
1300, -0.032989014419174546;
1301, 0.02608388170598509;
1302, 0.07252386203285657;
1303, 0.06542280371399259;
1304, 0.030284128215958828;
1305, 0.023970170161483645;
1306, 0.011449136959120797;
1307, -0.09333893504435055;
1308, -0.04874027718902091;
1309, -0.016114731120808547;
1310, 0.006838267463293533;
1311, 0.014045272645743448;
1312, -0.008883648428179302;
1313, 0.045314205381318494;
1314, 0.07878502737394255;
1315, 0.056854021016655154;
1316, -0.018097532603516327;
1317, -0.0957376949020709;
1318, -0.023596029913203972;
1319, -0.07629157219164509;
1320, -0.11458201413794201;
1321, -0.023108145613490165;
1322, 0.03202615571587274;
1323, 0.0463848276437389;
1324, 0.08785573165901929;
1325, 0.11179476566208216;
1326, 0.10572130687604712;
1327, 0.017776609169400034;
1328, -0.07370737175266723;
1329, -0.09350728850470656;
1330, -0.07028128092197494;
1331, 0.02481428624301293;
1332, 0.14288591792682084;
1333, 0.15422432485940263;
1334, 0.046444459681486326;
1335, 0.02350235567558316;
1336, 0.050142061170605975;
1337, 0.007397684918917722;
1338, 0.029560618449709693;
1339, 0.04424699606708077;
1340, -0.12232515431491345;
1341, -0.14871347099879453;
1342, -0.1270552095562773;
1343, -0.1094525600342481;
1344, -0.08712165685989577;
1345, -0.02095741533070027;
1346, 0.11109988941208639;
1347, 0.11121483862587879;
1348, 0.08410266360743421;
1349, 0.0928467599414215;
1350, 0.11503567887637689;
1351, 0.1016649172509732;
1352, 0.057654497240421584;
1353, 0.012588989476677828;
1354, -0.05153072824117548;
1355, -0.09640889871967165;
1356, -0.06645289022299727;
1357, -0.017183376111281807;
1358, -0.037120119634464294;
1359, 0.004600918793625765;
1360, 0.08279549326346973;
1361, 0.0717880527846566;
1362, 0.060088270589498116;
1363, 0.036209047104587645;
1364, 0.021971135913919405;
1365, 0.05302192922714824;
1366, 0.08437502806240693;
1367, 0.09120279875178973;
1368, 0.09077554799429009;
1369, 0.05810700940947016;
1370, 0.01297788652959987;
1371, -0.10754405060048165;
1372, -0.11746354950359647;
1373, -0.017694235706761843;
1374, 0.07111641815228524;
1375, 0.14905301458299605;
1376, 0.15688066718996674;
1377, 0.09169579072428384;
1378, 0.043850179295875785;
1379, 0.07214916508237333;
1380, 0.18282566987990143;
1381, 0.2458016079517888;
1382, 0.23678825238617532;
1383, 0.15588597742961416;
1384, 0.05724746680215512;
1385, -0.048392242637340606;
1386, -0.04393313407870443;
1387, -0.019115813109307413;
1388, -0.027437618091154307;
1389, -0.09505712505945733;
1390, -0.03499045675345654;
1391, -0.038315613837893524;
1392, 0.010112305857449938;
1393, 0.1146564275983187;
1394, 0.13691801435458031;
1395, 0.02329533239331788;
1396, -0.02083122408939395;
1397, 0.00422653281307694;
1398, 0.05170769240194649;
1399, 0.15239278020465435;
1400, 0.12438805209647195;
1401, 0.04817290196913403;
1402, -0.04541523704002166;
1403, -0.17130666763348215;
1404, -0.12191924287605115;
1405, -0.049915821871072755;
1406, 0.025430246179029666;
1407, 0.10785812575824448;
1408, 0.1363283128585816;
1409, 0.09282746839169377;
1410, 0.03432750108046386;
1411, -0.0351573521575889;
1412, -0.05708210666520525;
1413, -0.02004441812184846;
1414, 0.039588005680376674;
1415, 0.16061516544643978;
1416, 0.1480273005641631;
1417, 0.09048701399792722;
1418, 0.06703175141226816;
1419, -0.024942053594980012;
1420, -0.11503911979954469;
1421, -0.1294388237570623;
1422, -0.08921985907265553;
1423, -0.027863573606843644;
1424, 0.04050182759178935;
1425, 0.08311961703588193;
1426, 0.04293487135325438;
1427, -0.013823519974321201;
1428, 0.024555374398877016;
1429, 0.045398312733533425;
1430, 0.08839672311095487;
1431, 0.05380096318433213;
1432, -0.02320901110078181;
1433, -0.0733953163888289;
1434, -0.08882898139078814;
1435, -0.10565642729059388;
1436, -0.1020068498989026;
1437, -0.06551017854446768;
1438, 0.023022797290936012;
1439, 0.019339091536417233;
1440, 0.11377587018219353;
1441, -0.4072120294897746;
1442, -0.442516846745842;
1443, -0.6354135728081578;
1444, -0.8409556915121182;
1445, -0.9058450122601771;
1446, -0.8285689835577305;
1447, -0.6723986851645101;
1448, -0.5088058958735806;
1449, -0.3940100409495034;
1450, -0.4076220812264323;
1451, -0.3724524950483577;
1452, -0.37143432308550883;
1453, -0.4090125219110574;
1454, -0.4227050686001186;
1455, -0.40333225713565635;
1456, -0.38665172466762293;
1457, -0.37061025275930565;
1458, -0.22852452011640614;
1459, -0.10145197725935841;
1460, -0.02498894190801316;
1461, 0.030071829970502336;
1462, 0.09641345864224361;
1463, 0.09576022036007667;
1464, -0.008522947922243305;
1465, -0.04166089612661433;
1466, 0.07698912844521383;
1467, 0.10035861972654396;
1468, 0.08408195092846317;
1469, 0.06724908347654428;
1470, 0.05911698470168357;
1471, 0.014101465438822191;
1472, -0.04751607729387674;
1473, -0.08831070562675702;
1474, -0.12339245594660202;
1475, -0.010604345561451097;
1476, -0.05762579490570486;
1477, -0.15399071135379597;
1478, -0.21815150753977602;
1479, -0.20911026091401383;
1480, -0.11964726565082222;
1481, -0.11674975656867337;
1482, -0.06539372651447548;
1483, -0.07455236736772819;
1484, -0.07621747205110158;
1485, -0.1290706897380845;
1486, -0.12878618973457362;
1487, -0.07822196925375692;
1488, 0.0050185579057433795;
1489, 0.12390879584166394;
1490, 0.17184020654938603;
1491, 0.1588043950156298;
1492, 0.031362327782844514;
1493, 0.002467676401374008;
1494, 0.005097027738960155;
1495, -0.00031694681236374607;
1496, -0.037887650277773424;
1497, -0.06301809077944212;
1498, -0.023848180203440244;
1499, -0.028830387413539462;
1500, -0.014241463454276746;
1501, 0.007858673508452823;
1502, 0.05809311143687049;
1503, 0.07532442660162594;
1504, 0.05991775466279359;
1505, 0.018501771138269413;
1506, 0.08165268714698541;
1507, 0.014791118199599338;
1508, 0.0073758834535264575;
1509, 0.08296329841411768;
1510, 0.11993748933628536;
1511, 0.1403219993520434;
1512, 0.15474087736435133;
1513, 0.10078014680209134;
1514, 0.05524552371563976;
1515, -0.010576899863065247;
1516, -0.06920105484716832;
1517, -0.06018681303402673;
1518, 0.016275338867288935;
1519, 0.06614123769894446;
1520, 0.10284770521616818;
1521, 0.10037802877120913;
1522, 0.017602086665328903;
1523, -0.06394308589990533;
1524, -0.14269522923835778;
1525, -0.10529584092259711;
1526, 0.017331561845376604;
1527, 0.12408335974871303;
1528, 0.11579775663558953;
1529, 0.020290215292967612;
1530, 0.03513255848779092;
1531, -0.00478635881538359;
1532, -0.035493956130355706;
1533, -0.055879652285482154;
1534, -0.05940512704825497;
1535, -0.04538665723573969;
1536, -0.013962633980246471;
1537, 0.005887460383574532;
1538, 0.09418442861414637;
1539, 0.08581111832772477;
1540, 0.06789158160243008;
1541, 0.08693903615713672;
1542, 0.06669299112764955;
1543, 0.11311449677435832;
1544, 0.12549306400808075;
1545, 0.039228838203624376;
1546, 0.006732852124424565;
1547, -0.026120165261665003;
1548, -0.012163700884633371;
1549, 0.03421027917888159;
1550, 0.021600171945448443;
1551, -0.0075805780980316775;
1552, -0.025482637731132473;
1553, -0.028461333577051405;
1554, 0.09179506835142098;
1555, 0.07250154918473758;
1556, 0.006896294296395694;
1557, -0.0713932530098776;
1558, -0.11584812839376782;
1559, -0.0855150478703749;
1560, -0.004044890227697076;
1561, 0.0820842796221732;
1562, 0.19791956190278126;
1563, 0.08898922210546396;
1564, 0.013693726673932888;
1565, 0.05706526572417263;
1566, 0.05572747955651032;
1567, 0.013924383223614042;
1568, -0.06501998630848278;
1569, -0.16247627966044298;
1570, -0.1068155596083849;
1571, -0.05617576190781118;
1572, -0.03430480665354808;
1573, 0.020537639489220414;
1574, 0.17137208433864937;
1575, 0.21132798904812902;
1576, 0.052443160355328186;
1577, -0.06833051807070739;
1578, 0.012234500536434326;
1579, 0.024639513642574974;
1580, 0.003567285727909532;
1581, -0.0472195060842935;
1582, -0.06617358517422023;
1583, -0.05359702778092263;
1584, -0.030186449638970228;
1585, 0.05059056732178767;
1586, 0.016426108930507645;
1587, -0.13358579638390305;
1588, -0.050113646978235823;
1589, 0.027914747128095024;
1590, 0.07286355108698063;
1591, 0.09402103791614784;
1592, 0.07581381539603864;
1593, 0.01136789928087783;
1594, -0.04158586162156833;
1595, 0.029040685447561016;
1596, 0.03306131464917648;
1597, -0.010521173692738037;
1598, -0.14536926854449872;
1599, -0.15517861314626794;
1600, -0.08823107203415992;
1601, -0.007665483856321483;
1602, 0.05727223025896919;
1603, 0.06471480999348155;
1604, 0.06809657669827532;
1605, 0.05490559967164082;
1606, 0.05332713631463309;
1607, -0.011879302710068288;
1608, -0.08012424586084219;
1609, 0.05544574907652476;
1610, 0.0042831173678470795;
1611, -0.029241211259786033;
1612, -0.10814569741511976;
1613, -0.007814019557479936;
1614, -0.05172229198717257;
1615, -0.01268334182793756;
1616, 0.22752445915891362;
1617, 0.05536277806820474;
1618, -0.07646668440840222;
1619, -0.0881997904058166;
1620, -0.05724291583157839;
1621, -0.018832923905438843;
1622, -0.21725186558881288;
1623, -0.23797090047644476;
1624, 0.011148363906774929;
1625, 0.2026432668225265;
1626, 0.4166370481511878;
1627, 0.27376928039470244;
1628, -0.14226703292636164;
1629, -0.417999821575545;
1630, -0.021549448821457238;
1631, 0.39527976957340466;
1632, -0.03751084065641512;
1633, -0.039747345600532155;
1634, 0.02841449449999204;
1635, 0.027840095320845245;
1636, -0.07982190900682899;
1637, -0.1569089498999069;
1638, -0.12629450257133473;
1639, -0.022756674614639684;
1640, 0.15141333681118346;
1641, 0.22781552209392988;
1642, 0.07792302856293537;
1643, -0.061850784171003696;
1644, -0.05321425165474135;
1645, 0.0006077481588892991;
1646, -0.03282633988079467;
1647, -0.03223246451701846;
1648, -0.020337654153707602;
1649, 0.02112365164418359;
1650, 0.005507918165671275;
1651, 0.012855454566791831;
1652, -0.02567199145330635;
1653, -0.03160767455670349;
1654, -0.06198357862779397;
1655, -0.04633486152284461;
1656, -0.022020133540829396;
1657, -0.02171825995256953;
1658, -0.02111624778462596;
1659, 0.11919148040851647;
1660, 0.19665335812700313;
1661, 0.15837462650947073;
1662, 0.08643083698274008;
1663, 0.03999152469851289;
1664, -0.022271883229278977;
1665, -0.08129981627988032;
1666, -0.2204371925077059;
1667, -0.1834209551829269;
1668, -0.06779623781769827;
1669, 0.0984210330932604;
1670, 0.18726514335599279;
1671, 0.1775699199084569;
1672, 0.1456632408779658;
1673, 0.06693763796738122;
1674, -0.10022630923699599;
1675, -0.18648360060214478;
1676, -0.18628173310963417;
1677, -0.06436094601440527;
1678, 0.08670134389870192;
1679, 0.020382607716770956;
1680, 0.016227249867895126;
1681, 0.07991333125814894;
1682, 0.09850601550300939;
1683, 0.14650091264192652;
1684, 0.10143916471618077;
1685, 0.047260091633182705;
1686, 0.008865202282501414;
1687, -0.015269073058100324;
1688, -0.045720463709996086;
1689, -0.047350157657224806;
1690, -0.08279507923369019;
1691, -0.007464649200260917;
1692, 0.022075530725331777;
1693, 0.0036687952553082466;
1694, -0.011632913588264336;
1695, -0.006781541466998707;
1696, 0.03681023512947005;
1697, 0.09904441087632732;
1698, 0.05312927707798819;
1699, 0.029452809571115224;
1700, 0.02560566052562591;
1701, 0.022283256179723165;
1702, 0.023775746812509217;
1703, 0.0009749182717803932;
1704, -0.03211277522175001;
1705, 0.0036391524015923246;
1706, 0.10792165694941572;
1707, 0.12208438480811719;
1708, 0.07999552176438454;
1709, 0.06833308617433995;
1710, 0.06649977014353489;
1711, 0.06358438840290279;
1712, 0.04510737792394894;
1713, 0.031321875394884395;
1714, -0.06539984408421802;
1715, -0.030540913401727137;
1716, 0.023524930369562703;
1717, 0.10569799811845845;
1718, 0.06526729972379458;
1719, 0.00383114119951309;
1720, 0.0030045917301300185;
1721, 0.06048555118595613;
1722, 0.09506186961693097;
1723, 0.06716974641878927;
1724, -0.021419088188371016;
1725, -0.09308224777103012;
1726, -0.0875911554398995;
1727, -0.013194528730743315;
1728, 0.1021041804670765;
1729, 0.18364865477668257;
1730, 0.05818041017538609;
1731, -0.00527893675809815;
1732, 0.04138004965615806;
1733, 0.03056819069070266;
1734, -0.046065104336483566;
1735, -0.006204448856286095;
1736, 0.021868938257837103;
1737, -0.06502638139007758;
1738, -0.11147429542272455;
1739, -0.011478950460245853;
1740, 0.08247777016764933;
1741, 0.09147805582022223;
1742, 0.05970735759732476;
1743, 0.04186172294967907;
1744, 0.03924351052381173;
1745, 0.01820640005554713;
1746, 0.053682200420570335;
1747, 0.08165055545312049;
1748, -0.013158795163270546;
1749, -0.058842723542720785;
1750, 0.011798231762736542;
1751, 0.04335098247168561;
1752, 0.04146624058526355;
1753, 0.11684559327264273;
1754, 0.08103266636213097;
1755, 0.01375924017254859;
1756, 0.0498255801641242;
1757, 0.07611955960323749;
1758, 0.07052429961757357;
1759, 0.0460417955788949;
1760, -0.00024521358495489635;
1761, -0.1084092665347758;
1762, -0.1815712715478372;
1763, -0.038795938737132524;
1764, 0.06071489067333859;
1765, 0.06434727184168643;
1766, 0.07500280938787907;
1767, 0.05243795700809884;
1768, -0.03475146421771409;
1769, -0.06641989932306411;
1770, -0.09966390573146179;
1771, -0.29909251106571516;
1772, -0.3068774738454171;
1773, 0.4278126071004821;
1774, 0.6283317053290751;
1775, -0.0046720474312515435;
1776, -0.3142687446597502;
1777, -0.26679394725389294;
1778, -0.1180362925636251;
1779, 0.03025174605170152;
1780, 0.06541766750672749;
1781, 0.09786092913150175;
1782, 0.05903140922225037;
1783, -0.0210464149483102;
1784, -0.07037773307561658;
1785, -0.07589022067535475;
1786, -0.08115565558664228;
1787, -0.052296157403603584;
1788, 0.03697365939745071;
1789, 0.06268563605646595;
1790, 0.07207618953623098;
1791, 0.05550797887138895;
1792, 0.020168075389004055;
1793, -0.02834382968761929;
1794, 0.01891636209601009;
1795, -0.060608524744475784;
1796, -0.086218624340738;
1797, -0.07792338104774768;
1798, 0.051810181557373575;
1799, 0.10645861558344867;
1800, 0.09069070545946661;
1801, 0.029046087976684305;
1802, -0.05129722663550925;
1803, 0.006720213026154569;
1804, 0.027048129087547463;
1805, -0.01113902641624691;
1806, -0.051373312999995153;
1807, -0.0651776924895082;
1808, -0.06127870132062351;
1809, -0.038040619734321005;
1810, -0.03973857264520353;
1811, -0.01875348669723717;
1812, -0.0012257511080681787;
1813, -0.020916638992412653;
1814, -0.06254407144184555;
1815, -0.05517053900606724;
1816, -0.017567837450565754;
1817, 0.015513953209207766;
1818, 0.01927863087961102;
1819, 0.02455440758339182;
1820, 0.05716938302373277;
1821, 0.02973540727563901;
1822, 0.027827756673915266;
1823, 0.04101093091770456;
1824, 0.03279542472475622;
1825, 0.06312635956679169;
1826, 0.1079866540298064;
1827, 0.03726572047993549;
1828, -0.023979303434620403;
1829, -0.028802322908483106;
1830, 0.0012285524111765548;
1831, 0.042281619083594874;
1832, 0.08768600182939618;
1833, 0.09572997940117922;
1834, 0.0003516295610660495;
1835, -0.0008943142829000023;
1836, -0.0237562711873795;
1837, -0.030231870384284817;
1838, -0.06540602991292423;
1839, -0.08638067783444857;
1840, -0.09573087460070255;
1841, -0.018101051856642413;
1842, 0.018364706579752865;
1843, 0.02816571295746199;
1844, 0.015434282689630326;
1845, 0.0014317298603396427;
1846, -0.03633603115697181;
1847, -0.08487884635413628;
1848, -0.07957192453993947;
1849, -0.03621884394437107;
1850, 0.030585167590162887;
1851, 0.11808409621817087;
1852, 0.1618976954235246;
1853, 0.125066865110021;
1854, 0.042920114548612;
1855, -0.047314517526202284;
1856, -0.08703351327683001;
1857, -0.06510642341745719;
1858, -0.06455690519006191;
1859, -0.016845920020468738;
1860, 0.0725247348523918;
1861, 0.11029450637593272;
1862, 0.13076822302419044;
1863, 0.15082991849683913;
1864, 0.08533419518667443;
1865, -0.01811706697611476;
1866, -0.04241150414193433;
1867, -0.06789711841148187;
1868, -0.06262357634951118;
1869, -0.08819172801510962;
1870, -0.07489065767259705;
1871, -0.0029361433758270557;
1872, 0.06289428468536576;
1873, 0.05107112161590451;
1874, 0.023665494598715763;
1875, -0.015220333360552995;
1876, -0.022637520201086433;
1877, -0.0042507856704629;
1878, 0.020102477405933343;
1879, 0.02120035345834179;
1880, -0.030436298706931847;
1881, -0.1243309943168538;
1882, -0.10064582211361588;
1883, -0.02950720133465297;
1884, -0.012112144106086065;
1885, -0.028995231132264303;
1886, -0.025160187981828903;
1887, -0.009657490228127891;
1888, -0.01863739946105072;
1889, -0.034111284099094;
1890, 0.001390235627984284;
1891, -0.0034238610005796134;
1892, 0.00470309518871939;
1893, 0.04495624306692447;
1894, 0.008961568273188935;
1895, -0.004803224933902803;
1896, -0.0485829201358096;
1897, -0.05953362734483178;
1898, -0.0063439052760290385;
1899, -0.0012692546157536484;
1900, -0.032203499217441756;
1901, -0.0471623056322513;
1902, -0.04321143205599272;
1903, -0.03795149702677662;
1904, -0.03525329852349987;
1905, 0.0021588250125796514;
1906, 0.058311744337953934;
1907, 0.08115214192851322;
1908, 0.05676386043716341;
1909, 0.01857473717291682;
1910, 0.016475365046279996;
1911, 0.011954370785096416;
1912, 0.006191968096431788;
1913, 0.02387906122999687;
1914, 0.10190337042900284;
1915, 0.07320467805533906;
1916, 0.04368246926017718;
1917, -0.0007805282130382398;
1918, -0.03153674174397344;
1919, -0.031286392483278164;
1920, -0.017858805270632664;
1921, -0.04888424429536202;
1922, 0.0007698899416528533;
1923, 0.030827879679924765;
1924, 0.016624700552262575;
1925, 0.010307508030009661;
1926, 0.008688024392844211;
1927, 0.018017613666071165;
1928, 0.031097538394338244;
1929, 0.006738387814476949;
1930, -0.036560670287357086;
1931, -0.013223658523232427;
1932, -0.007925871380921636;
1933, -0.040335550434827776;
1934, -0.04354103556848708;
1935, 0.018800775612057005;
1936, 0.020724333349810598;
1937, 0.021979648142386857;
1938, 0.04519726994358369;
1939, 0.052423885590591524;
1940, 0.05244689221834106;
1941, 0.06923080344632793;
1942, 0.0592659850673446;
1943, 0.04778920266844431;
1944, 0.018052562255461913;
1945, 0.006642810158869661;
1946, 0.034247997291797644;
1947, 0.04186485894550924;
1948, 0.011588301320019255;
1949, 0.0036653645150350298;
1950, 0.0082075350006928;
1951, 0.017982329936358867;
1952, 0.048497932131063584;
1953, 0.07258268783153331;
1954, 0.0744506838918721;
1955, 0.08011311181677079;
1956, 0.11442133701349858;
1957, 0.12760403959903902;
1958, 0.11549309785781271;
1959, 0.04802844753855239;
1960, 0.0017781570253258378;
1961, 0.004205814874808725;
1962, 0.10813162040261542;
1963, 0.02200746087257727;
1964, 0.0008708033780689713;
1965, -0.02541230470208305;
1966, -0.05343221595368081;
1967, -0.06948271818718962;
1968, -0.03482906682639264;
1969, 0.04456571003687355;
1970, 0.12131579447237233;
1971, 0.17455579430340346;
1972, 0.08066642904714319;
1973, -0.06599617061618905;
1974, -0.1095271357495384;
1975, -0.05775541979668284;
1976, -0.015074849450519538;
1977, 0.007030456729957553;
1978, -0.015501847314153851;
1979, -0.020150667115273527;
1980, 0.042540505190744496;
1981, 0.05097227760103649;
1982, 0.026158450147779257;
1983, 0.02393708806309903;
1984, -0.004963099176273766;
1985, -0.027863173564556653;
1986, 0.017630500298199354;
1987, 0.007669819419512904;
1988, 0.0032306631797526233;
1989, 0.008680920984626599;
1990, 0.03114919476383252;
1991, 0.03004618474215778;
1992, -0.0034565678984640083;
1993, -0.0012919984464931273;
1994, 0.03423454132396261;
1995, 0.06432901536640755;
1996, 0.043290785898738776;
1997, -0.006619916550059935;
1998, -0.06558748126130591;
1999, -0.08686221684804107;
2000, -0.02736757712094937;
2001, 0.04056725884394885;
2002, 0.06800029854904104;
2003, 0.07862922349190422;
2004, 0.009845226996162755;
2005, -0.021180610951854185;
2006, -0.01793177298377918;
2007, -0.0027161914541959553;
2008, 0.03843660564846841;
2009, 0.1039869696995383;
2010, 0.08967887262824228;
2011, 0.14093221210712034;
2012, 0.1343230211663493;
2013, 0.001018605183468205;
2014, -0.07577056606906783;
2015, -0.017731280182036586;
2016, 0.06830770726785357;
2017, 0.04535854573270836;
2018, 0.01762062904495555;
2019, 0.09929106072499244;
2020, 0.10157491612889653;
2021, 0.07228174972677531;
2022, 0.09688294603225331;
2023, 0.0787736919099784;
2024, 0.030074597256028825;
2025, -0.07099995269430019;
2026, 0.01411314555460282;
2027, 0.12694329283087016;
2028, 0.18564085977088318;
2029, 0.16506956077958562;
2030, 0.07579014296364363;
2031, -0.014493847055888789;
2032, -0.07842212467717916;
2033, -0.0720631811681576;
2034, -0.03170101813000037;
2035, 0.013192644335746708;
2036, 0.02202510301718327;
2037, 0.012227897320950375;
2038, 0.013034587907907805;
2039, 0.008694910715177417;
2040, 0.016069053005631;
2041, 0.09260163752694306;
2042, 0.11548233308354469;
2043, -0.027886129837333015;
2044, -0.054624453868843924;
2045, 0.07541928418111667;
2046, 0.07952927947264692;
2047, 0.08635658577727699;
2048, -0.017051932286772355;
2049, -0.047795905474875236;
2050, -0.008686357083732011;
2051, 0.006279375377889596;
2052, 0.0061942693187064446;
2053, 0.034874987204941185;
2054, 0.05253913693422307;
2055, 0.06498151510896774;
2056, 0.015945419237462892;
2057, -0.059080634006039405;
2058, -0.005910248246940564;
2059, 0.04236474115683445;
2060, 0.07179615434034271;
2061, 0.0533118116177931;
2062, -0.0036748855774153023;
2063, -0.0821220906120398;
2064, -0.1270387770500272;
2065, -0.09664321719490292;
2066, 0.0010909386477524435;
2067, 0.04551072965167423;
2068, 0.10968785203896099;
2069, 0.1708218611416295;
2070, 0.1482862873812591;
2071, 0.09288200842265257;
2072, 0.018735878682113;
2073, 0.028398722203390396;
2074, 0.03803370096100508;
2075, -0.0016466960801255048;
2076, -0.06133645287987225;
2077, -0.05065626377680594;
2078, 0.008297243504425265;
2079, 0.04928816391528491;
2080, 0.01708733183292298;
2081, 0.02927948775340476;
2082, 0.023845801770206704;
2083, 0.0734162920326599;
2084, 0.06339094697590551;
2085, -0.011124119665684381;
2086, -0.08970928143705037;
2087, -0.07206551428191528;
2088, -0.01359380506263865;
2089, 0.05252662092588752;
2090, 0.07732435828671232;
2091, -0.0025368499791908073;
2092, -0.021306617558258814;
2093, 0.0038492163968884994;
2094, -0.01564734800917837;
2095, -0.03960149521819384;
2096, -0.10114238369420923;
2097, -0.033861201719756616;
2098, 0.10302250411309212;
2099, 0.1391753494726058;
2100, 0.07779184266778857;
2101, 0.03714303114726449;
2102, 0.0076837593545902375;
2103, -0.003932421555833832;
2104, -0.09186999095652656;
2105, -0.10372667924813647;
2106, -0.04132307580149521;
2107, -0.02600568043262531;
2108, 0.0630782202124247;
2109, 0.13260120559317307;
2110, 0.10205279041944042;
2111, 0.09068152966435249;
2112, 0.05806886495778113;
2113, 0.005312410786024067;
2114, 0.041449752129043234;
2115, 0.019597327504913036;
2116, 0.06917322533198685;
2117, 0.11369874874325876;
2118, 0.1566991207266357;
2119, 0.1710325239694568;
2120, 0.16043399944290615;
2121, -0.00013247803173376004;
2122, -0.03800173450502642;
2123, -0.010212497707100284;
2124, 0.0067751049824259744;
2125, 0.0408678388688975;
2126, 0.05506984360668503;
2127, 0.025861228799542196;
2128, -0.03839726946241394;
2129, -0.11633308595054007;
2130, 0.02467143589807717;
2131, -0.03375293461090614;
2132, -0.09053309439339056;
2133, -0.04082642470094951;
2134, 0.04341712652646555;
2135, 0.05365098593219127;
2136, 0.019774610580514232;
2137, 0.03266301352526187;
2138, 0.07131458175676808;
2139, -0.08782226238684085;
2140, -0.05046460939185711;
2141, 0.14209712405683386;
2142, 0.10298694231202789;
2143, -0.046053883010458645;
2144, -0.10988997130633753;
2145, -0.17445558790676083;
2146, -0.00615233537553522;
2147, 0.044299731711500354;
2148, 0.0744363774844899;
2149, 0.1458883164181187;
2150, 0.10083799347628941;
2151, 0.09042603412539747;
2152, 0.03630835606370811;
2153, -0.059190911397319454;
2154, -0.008311316600431693;
2155, -0.35517302374424414;
2156, -0.2779749948952646;
2157, 0.039306773155125964;
2158, 0.05482409455254025;
2159, 0.06091685048330004;
2160, 0.11512726338261042;
2161, 1.094154987739823;
2162, 0.9903172142308413;
2163, 0.9270662205104142;
2164, 0.745433650175217;
2165, 0.7414081617186891;
2166, 0.5492916859659095;
2167, 0.4339198260985406;
2168, 0.36702799996676577;
2169, 0.4263036028339891;
2170, 0.4725725832669137;
2171, 0.45455300016189126;
2172, 0.49161543537707103;
2173, 0.42696437757714306;
2174, 0.28240825792466284;
2175, 0.18011663386739538;
2176, 0.19133345591971807;
2177, 0.23352203859535248;
2178, 0.255777146345064;
2179, 0.22618454129738638;
2180, 0.12411362308759855;
2181, 0.09515034330482094;
2182, 0.0984842845345806;
2183, 0.1308101407418703;
2184, 0.17166048405508375;
2185, 0.1205726501830781;
2186, 0.11415184279199751;
2187, 0.14791671544804694;
2188, 0.1266607063163404;
2189, 0.03247497630588699;
2190, -0.0802154219322932;
2191, -0.13082927003668443;
2192, -0.05436958496955525;
2193, 0.0248338027116209;
2194, 0.008693826964254487;
2195, 0.006320010722252291;
2196, 0.006856584364540241;
2197, -0.007548913212392437;
2198, -0.010379474798189157;
2199, -0.009698358883866354;
2200, -0.0012193648106187224;
2201, -0.03127301932139904;
2202, -0.10381708880499563;
2203, -0.04407354836193734;
2204, 0.06583629637381809;
2205, 0.07472794956423505;
2206, 6.629737672130433e-05;
2207, -0.15613952590960592;
2208, -0.19316974513193996;
2209, 0.004899069470867983;
2210, 0.016214977801429695;
2211, 0.1442600212201452;
2212, 0.12628009545400617;
2213, 0.04145533593607;
2214, -0.042696709115069814;
2215, -0.049594506787164996;
2216, 0.019467951031802776;
2217, -0.004311730574261262;
2218, -0.0737058051535014;
2219, -0.046763594954554774;
2220, -0.03609078565255891;
2221, 0.034671260494920565;
2222, 0.07849299650444169;
2223, 0.08523528123434362;
2224, 0.0859798578428752;
2225, 0.08076911402746602;
2226, -0.010750075651353467;
2227, -0.11075680978976771;
2228, -0.05203987297006864;
2229, -0.04371790797130695;
2230, -0.020001854741512396;
2231, -0.05563262197701961;
2232, -0.09192537023703848;
2233, -0.04798253443349998;
2234, 0.033228916701432576;
2235, 0.09894413174472345;
2236, 0.12322828194902057;
2237, 0.12682274862005694;
2238, 0.10277317426085403;
2239, 0.0786623011142912;
2240, -0.06763332884894321;
2241, -0.19494810374500846;
2242, -0.27176722261074815;
2243, -0.2748465802860672;
2244, 0.12863751947373683;
2245, 0.25871520796561964;
2246, 0.13095098919687204;
2247, -0.017859472753777243;
2248, -0.05237125904861384;
2249, 0.012798661990032456;
2250, -0.011154967122258882;
2251, -0.02833846016897842;
2252, 0.0032421685078263237;
2253, 0.07388669140718399;
2254, 0.04197050647675456;
2255, 0.07632288738997053;
2256, 0.043065083718919546;
2257, 0.07813539226985701;
2258, 0.031520692495019265;
2259, -0.034968843279965175;
2260, -0.13078164542204335;
2261, -0.14213877321465673;
2262, 0.16253235272058547;
2263, -0.08806826321585155;
2264, 0.23908447832849242;
2265, 0.4846184831677732;
2266, 0.5382329841243918;
2267, -0.37244065603466164;
2268, -0.6033192151976009;
2269, -0.04502372432599239;
2270, 0.09572002030648219;
2271, 0.014329887906192936;
2272, -0.08222924039998522;
2273, -0.416170481349623;
2274, -0.15349063052007653;
2275, 0.3145943175363908;
2276, 0.3420665194231301;
2277, 0.1530923786321357;
2278, -0.006830697432324385;
2279, -0.07282746895119346;
2280, -0.018684587665924183;
2281, 0.004391534422617708;
2282, -0.011443134086817176;
2283, -0.01714791837716216;
2284, -0.02443306384750433;
2285, -0.030098303258405974;
2286, -0.0195159902357231;
2287, 0.12232390663057782;
2288, 0.24783038184651743;
2289, 0.1606705391319547;
2290, 0.08365281465696751;
2291, 0.07097594456208392;
2292, -0.029012939297835147;
2293, -0.07839801583501652;
2294, -0.04790915940457035;
2295, -0.011705421952155445;
2296, -0.004087726811737666;
2297, 0.00035909966538840565;
2298, 0.03667085256368778;
2299, 0.038412161106484516;
2300, -0.00023512558152650597;
2301, 0.016535351247338844;
2302, 0.05036537988169435;
2303, 0.052692291025672335;
2304, 0.05761543856621935;
2305, 0.04099664129531343;
2306, -0.02176925051741833;
2307, -0.07836803224598203;
2308, -0.1457761591078397;
2309, -0.10520036229843709;
2310, 0.017712803823374784;
2311, -0.04494988715030884;
2312, -0.031069692094165702;
2313, -0.09877050220217684;
2314, -0.0053236491767899045;
2315, 0.021818723159575386;
2316, -0.005281137829926134;
2317, 0.006952239231106416;
2318, -0.029756104288618367;
2319, -0.01912595124390911;
2320, 0.015593289707463062;
2321, 0.026438630254090358;
2322, -0.021815517785782168;
2323, -0.070509629535385;
2324, -0.01731073111196845;
2325, -0.0039992191622157764;
2326, 0.00010367302322670696;
2327, 0.06283156476876255;
2328, 0.04544541925145038;
2329, -0.035479649722973516;
2330, -0.08079811849202186;
2331, -0.09800766352336937;
2332, -0.06120622652671453;
2333, -0.013010841062052405;
2334, 0.04576794285471463;
2335, 0.014799938712402634;
2336, -0.04346793469441147;
2337, -0.05529081241902466;
2338, 0.03876130570557375;
2339, 0.07482877700554696;
2340, -0.01602565653023854;
2341, -0.06054897942918218;
2342, 0.029395883273927052;
2343, 0.09940547841406788;
2344, 0.12333784877567898;
2345, 0.08539023467683479;
2346, -0.048918376574687436;
2347, -0.045120998944196085;
2348, -0.02063333240176633;
2349, -0.0024660089244118977;
2350, 0.02073150333849276;
2351, -0.008897354492381167;
2352, 0.000626023321458232;
2353, -0.0088361262019837;
2354, -0.014618271397135937;
2355, 0.030861929153294276;
2356, 0.044070997043295854;
2357, -0.01257632576042094;
2358, -0.06440063132827384;
2359, -0.10059764918926675;
2360, -0.09520736751445698;
2361, -0.07972022553097291;
2362, 0.07560265461347648;
2363, 0.1593250710333828;
2364, 0.10887936937445779;
2365, -0.07419241882939179;
2366, -0.10818080042642829;
2367, -0.0664643012194212;
2368, -0.039409446945454736;
2369, -0.011713409369902346;
2370, -0.008729810628094085;
2371, 0.05454369903884385;
2372, 0.05936676774868034;
2373, -0.03018758262586694;
2374, -0.10114118076984978;
2375, -0.02576633541207055;
2376, 0.01768455859991466;
2377, -0.04107122484359955;
2378, -0.09048299679006629;
2379, -0.06459533722459782;
2380, -0.03023997417796975;
2381, -0.024514087796861102;
2382, 0.006636924222003775;
2383, 0.04471591332689405;
2384, 0.027114559606174874;
2385, -0.060184028963509176;
2386, -0.06895460641839594;
2387, -0.0958021604577446;
2388, -0.06583222881098397;
2389, -0.13030768762941403;
2390, -0.07112963353524838;
2391, -0.0007584513059436408;
2392, -0.07916994078898577;
2393, 0.1005911310177375;
2394, 0.07277197777074113;
2395, 0.0487812627801971;
2396, -0.18942528218577287;
2397, -0.15431841032930443;
2398, 0.012886769205617567;
2399, 0.17743579104487717;
2400, 0.10218906776187614;
2401, -0.2211645812853896;
2402, -0.3934343717060329;
2403, 0.21405315543704603;
2404, 0.23373693124092754;
2405, -0.06769935764678453;
2406, -0.15364877311086955;
2407, -0.23656131371201447;
2408, -0.24222300309730643;
2409, 0.060536841642645244;
2410, 0.16775917655743247;
2411, 0.026009247802725777;
2412, -0.03564718071876744;
2413, -0.05223032666865681;
2414, 0.010364801359002397;
2415, 0.0559371129048858;
2416, 0.06174406743582769;
2417, 0.03764143627937622;
2418, 0.005949089275758688;
2419, 0.0005116203248449675;
2420, 0.00755909330947179;
2421, 0.07346536575152937;
2422, 0.05946009229898735;
2423, 0.01518253300118074;
2424, -0.04487260345646048;
2425, -0.059261234914873936;
2426, -0.07529323449323495;
2427, -0.04545161850814944;
2428, -0.060661740999139464;
2429, -0.07295550486301755;
2430, -0.07468019066966547;
2431, 0.13782047618404195;
2432, 0.15347641922764368;
2433, -0.056318020302062136;
2434, -0.05026848572328806;
2435, 0.09092658493886668;
2436, -0.3295451846504278;
2437, 0.26189764786604997;
2438, 0.1114979790451136;
2439, -0.05438012314644393;
2440, -0.19942344115200317;
2441, -0.13041494372230283;
2442, 0.11792536055769363;
2443, 0.18743361990628324;
2444, 0.1532607320924917;
2445, -0.06186558853312075;
2446, -0.148340849792206;
2447, -0.05604002728008647;
2448, 0.09976427997801501;
2449, 0.14628936580456994;
2450, -0.025067477762194777;
2451, -0.07185968553151395;
2452, -0.044510349779351505;
2453, -0.008005041428015565;
2454, 0.06800996950139149;
2455, 0.0932884122212527;
2456, 0.12092291378157148;
2457, 0.1246023516723628;
2458, 0.057265793214896756;
2459, -0.03853445095636823;
2460, -0.07374432670798964;
2461, -0.055000795748451285;
2462, -0.016453771714777906;
2463, 0.0575800054500866;
2464, 0.0747482090484474;
2465, -0.00834420679041849;
2466, -0.08591371938309227;
2467, -0.07982830968342079;
2468, -0.09572331575972744;
2469, -0.117209542233849;
2470, -0.06545858931493766;
2471, -0.03479661808167078;
2472, -0.07220077892989024;
2473, -0.07206845165535121;
2474, -0.022232098324463444;
2475, -0.031250809421225254;
2476, -0.0014450027039221854;
2477, 0.007271901552894221;
2478, -0.042860452297880665;
2479, -0.04154944658345843;
2480, -0.0630976963970541;
2481, -0.09361309549336698;
2482, 0.00015287081675011184;
2483, 0.10460418739088533;
2484, 0.06338482604916475;
2485, 0.0009106217969166588;
2486, 0.02948805917134569;
2487, 0.06912511954760196;
2488, 0.03360179807538257;
2489, 0.06570269343995831;
2490, -0.01920602124627384;
2491, -0.144236841147488;
2492, -0.07218497865830348;
2493, 0.023786468505300185;
2494, 0.0168734496438099;
2495, 0.025180530271997143;
2496, -0.011912517969381994;
2497, -0.061315468843545724;
2498, -0.10387844913732279;
2499, -0.07848902405655692;
2500, 0.07800626533361386;
2501, 0.0026039061863350533;
2502, -0.032829840670430585;
2503, -0.028864737338248982;
2504, 0.0010231405999532091;
2505, -0.003938957911103386;
2506, -0.020262652659144027;
2507, -0.07809557267605993;
2508, -0.14218779657855302;
2509, 0.00010604912334649304;
2510, -0.02286946080258386;
2511, -0.06144669670117017;
2512, -0.05512330044622059;
2513, -0.06349524331537032;
2514, -0.03548870578515139;
2515, -0.0694358321121553;
2516, -0.0441882681808519;
2517, -0.03772756286601596;
2518, -0.0663770808108639;
2519, -0.06313556893188793;
2520, -0.026815804669254407;
2521, -0.042038821390378574;
2522, -0.09287462862158212;
2523, -0.12310060411700582;
2524, 0.006080954403543804;
2525, 0.044538554159333374;
2526, 0.05074825671782201;
2527, 0.03727765237058205;
2528, -0.005109733417694699;
2529, -0.0914778096403533;
2530, -0.10400624446427498;
2531, -0.0014946256836491892;
2532, 0.04436761860785228;
2533, 0.09412960323833952;
2534, 0.1250739371862553;
2535, 0.044625338158123064;
2536, -0.10445538285012002;
2537, -0.1841150145633576;
2538, -0.15875100195906025;
2539, -0.12160966609589305;
2540, -0.007105491235003554;
2541, 0.0730527403162421;
2542, 0.08314177881908133;
2543, 0.04773105945940412;
2544, 0.06848239706233562;
2545, 0.03514064325848598;
2546, -0.10061644278425963;
2547, -0.14269083157069945;
2548, -0.14246935920862797;
2549, -0.23300259907194104;
2550, -0.11374782246212824;
2551, 0.21448135734403925;
2552, 0.22320218968041403;
2553, -0.0963106114070072;
2554, -0.14160439504919975;
2555, -0.13233617058429759;
2556, -0.17431701102054956;
2557, -0.1452513483872883;
2558, -0.049096076477566676;
2559, -0.028627624721505526;
2560, -0.08171788564726884;
2561, -0.15706949274442186;
2562, -0.010087339302244005;
2563, -0.06305787680325706;
2564, -0.11203189282581787;
2565, 0.060571057287426275;
2566, 0.1333052464482889;
2567, 0.09796026270860911;
2568, -0.02741153925054064;
2569, -0.1227466757954638;
2570, -0.10299577681232373;
2571, -0.04050369408279549;
2572, 0.01820423255370127;
2573, 0.127445902603243;
2574, 0.16972281909184192;
2575, 0.06074647163402252;
2576, -0.06629937749223896;
2577, -0.08768521852981326;
2578, -0.024449191426416793;
2579, 0.02939408336338546;
2580, 0.08894833386723593;
2581, 0.11064165356108553;
2582, -0.05530928709918735;
2583, -0.17426793170668306;
2584, 0.10559090987548027;
2585, 0.12954040652297205;
2586, 0.11152992647810239;
2587, -0.09999872154318075;
2588, -0.3400122994819509;
2589, 0.09779756579024117;
2590, -0.0021537976839565783;
2591, 0.05221958986937389;
2592, -0.10597135288790387;
2593, -0.05881671240157106;
2594, 0.01152117030776484;
2595, -0.026432879716152373;
2596, -0.05888847942835691;
2597, -0.029666608954272398;
2598, -0.07660568651438707;
2599, -0.11012921337894711;
2600, -0.028854966235451855;
2601, -0.03536941709166963;
2602, -0.15900173615555055;
2603, 0.09043788992408457;
2604, 0.11826224651831029;
2605, 0.06523741908270528;
2606, -0.062148921420253064;
2607, -0.07161183835348638;
2608, -0.08463507233393985;
2609, -0.030965810343980136;
2610, 0.07049465172836032;
2611, 0.08078368899470521;
2612, 0.020477884921038223;
2613, 0.01983905655369836;
2614, 0.03807690329000092;
2615, 0.05129569360632555;
2616, 0.03155468322092005;
2617, -0.017829525532223393;
2618, -0.04946090944830225;
2619, -0.039958875652897685;
2620, 0.03946047891328149;
2621, 0.060723934986022715;
2622, -0.0041377084307737035;
2623, -0.005747563637566053;
2624, -0.03321936883901658;
2625, -0.06972984361060153;
2626, -0.061178005361741596;
2627, 0.058063433334673335;
2628, 0.06787326693918218;
2629, -0.05061722188759478;
2630, -0.046625348173167734;
2631, 0.001993156591293944;
2632, -0.009914325768869386;
2633, -0.08308622049866475;
2634, 0.05999962625419901;
2635, 0.030249211518051097;
2636, 0.0009060196880671666;
2637, -0.061392321163123785;
2638, -0.05872067427770897;
2639, -0.043353505815341996;
2640, -0.02414148337526364;
2641, 0.005656278463673126;
2642, 0.08261225151604137;
2643, 0.1623168222453501;
2644, 0.06105231375366923;
2645, -0.08095463293868183;
2646, -0.12569875847855358;
2647, -0.016495640755983688;
2648, -0.06537815004276956;
2649, -0.054895296484627;
2650, 0.012712288664024093;
2651, 0.05883285396797608;
2652, 0.04592350615188106;
2653, -0.043155957660531444;
2654, -0.06355467337372529;
2655, -0.00302943659415075;
2656, -0.0007017250298989646;
2657, -0.03160517359303519;
2658, -0.05470160328276379;
2659, -0.05680035940022863;
2660, -0.07299143593388516;
2661, -0.02791156245579078;
2662, 0.010070481576220322;
2663, 0.04560169031573995;
2664, 0.08478871095213114;
2665, 0.01947402048457094;
2666, -0.03996337962549943;
2667, -0.015622069812638376;
2668, 0.002482666685242057;
2669, -0.026601689168765562;
2670, -0.04609970379806022;
2671, -0.057075171666397966;
2672, -0.06576095973893296;
2673, -0.05090358782261207;
2674, -0.015229904721956483;
2675, 0.09007826030057833;
2676, 0.06116986743857483;
2677, 0.0183551687883315;
2678, -0.03696892602997111;
2679, -0.05713859935012432;
2680, -0.10647005175735919;
2681, -0.12250628115346794;
2682, -0.09896597461309266;
2683, -0.08228054652266599;
2684, -0.033299858466157864;
2685, 0.031969875640840466;
2686, 0.08173531965798567;
2687, 0.08214772688838913;
2688, -0.04214960792638752;
2689, -0.14281557202927828;
2690, -0.09854678065130297;
2691, 0.043944790695497574;
2692, -0.11373841727213627;
2693, -0.29336270259169495;
2694, -0.21618587318642718;
2695, -0.0563611745140836;
2696, 0.12499310066929872;
2697, 0.050098406206351156;
2698, 0.1396294785957934;
2699, -0.12148067343957841;
2700, -0.20619811531965854;
2701, -0.15734308250374213;
2702, -0.08523708282338432;
2703, 0.123189939434437;
2704, 0.16108843505443554;
2705, 0.07768550415441118;
2706, -0.06222858354733498;
2707, -0.14688535607722003;
2708, -0.20591060520775048;
2709, -0.020447739077090132;
2710, -0.002793026988782954;
2711, -0.04186632763222719;
2712, -0.008379347847706754;
2713, 0.037548192856526004;
2714, 0.09072975853867182;
2715, 0.15875367636763618;
2716, 0.04019338435802766;
2717, -0.1676605311649587;
2718, -0.14907007932390953;
2719, -0.07187002508600839;
2720, 0.006995331898160648;
2721, 0.08630773026329132;
2722, 0.1638824814516757;
2723, 0.08825487874648344;
2724, 0.04580068197978186;
2725, 0.004293722125200311;
2726, -0.03672060887219379;
2727, -0.11043868944915883;
2728, -0.23358052869420798;
2729, -0.1606652238847849;
2730, -0.015075916975951106;
2731, 0.08676178665151765;
2732, 0.09948031149922112;
2733, 0.08559064747011999;
2734, 0.03232010455035233;
2735, 0.01975394266151938;
2736, 0.027068048955440634;
2737, 0.010672509410155552;
2738, 0.007033935139605387;
2739, -0.15210490641793997;
2740, -0.11046548388989146;
2741, 0.03452770182336197;
2742, 0.08142018145078887;
2743, -0.06820534399985945;
2744, -0.13684707538735355;
2745, -0.14945297854002526;
2746, 0.012136221616265394;
2747, -0.016984500823177925;
2748, -0.018215437654234834;
2749, 0.026293579396826312;
2750, 0.07350828497367595;
2751, 0.04812109229672138;
2752, 0.0756504750530133;
2753, 0.10908370985565159;
2754, 0.0529558131473534;
2755, -0.12311026108186374;
2756, -0.15144965393684554;
2757, -0.11940151100168044;
2758, -0.10032471963959491;
2759, -0.073142271458569;
2760, 0.1009960689271182;
2761, 0.05266429477957964;
2762, -0.12748858683551473;
2763, -0.1166088129987223;
2764, 0.03688588508418834;
2765, 0.0015144348265513157;
2766, -0.021360361421141554;
2767, -0.05406704669564931;
2768, -0.028192258980326897;
2769, 0.05280917946543216;
2770, 0.1270778581042175;
2771, 0.05446841499693072;
2772, -0.054895318864615086;
2773, -0.12479652044897277;
2774, -0.10875080753291376;
2775, -0.02043926825160064;
2776, 0.03641793631835936;
2777, 0.10615947347273436;
2778, 0.18006460599009894;
2779, 0.06334294190146701;
2780, -0.113179493854749;
2781, -0.13515847171649276;
2782, -0.08724287806534851;
2783, 0.03059443850022636;
2784, 0.08816274033554485;
2785, -0.08473231338216143;
2786, -0.07893431308445165;
2787, 0.0033567215398796982;
2788, -0.22033174359885482;
2789, 0.046975676673626565;
2790, 0.1385080341779345;
2791, -0.012299897659111995;
2792, -0.03451174321335953;
2793, 0.023119642772868217;
2794, -0.020157870673937813;
2795, -0.030679744860302855;
2796, 0.004874891250742281;
2797, -0.07506840513295097;
2798, 0.00406908484116405;
2799, 0.0465489619168415;
2800, -0.21626783989278195;
2801, 0.12031340040112212;
2802, 0.30727793575718115;
2803, -0.15494684039468118;
2804, -0.027187860221644128;
2805, -0.020032212635847577;
2806, -0.05803408421830101;
2807, 0.024309694163195603;
2808, 0.03453129548994843;
2809, -0.04867222747825568;
2810, -0.06791895288735555;
2811, 0.0423303822801297;
2812, 0.11413780494447232;
2813, 0.06985425955935315;
2814, 0.03593347671632199;
2815, -0.023978173804721906;
2816, -0.10126660941306215;
2817, -0.17390345681575684;
2818, -0.1164227625627895;
2819, -0.0226951458729022;
2820, 0.058620520474038366;
2821, 0.03906086184606759;
2822, 0.055184362005706845;
2823, -0.008624328149260868;
2824, 0.016154433219668172;
2825, 0.03910364678828568;
2826, 0.12110858375770686;
2827, 0.13200486283571067;
2828, -0.004494214926942906;
2829, -0.04073113406868939;
2830, -0.058046320476785505;
2831, -0.08117046554375636;
2832, -0.03081637468755089;
2833, -0.007891655456390761;
2834, 0.008224893478949846;
2835, 0.055464727306419326;
2836, 0.09207876267536085;
2837, 0.01890387126516115;
2838, -0.006730325983269673;
2839, 0.05224131524280567;
2840, 0.11893849142822678;
2841, 0.09718311762241943;
2842, 0.023681302703298344;
2843, -0.04847965663279483;
2844, 0.017967522776743308;
2845, 0.060560119068250595;
2846, 0.08613903550811706;
2847, 0.09500374319288184;
2848, 0.007202803339687292;
2849, 0.018470922562695506;
2850, -0.03459158941584343;
2851, -0.10592775667111776;
2852, -0.09710728303279947;
2853, 0.013775368310960759;
2854, 0.26227877346811007;
2855, 0.16405468986497904;
2856, -0.7328485436264717;
2857, -0.3810340679088847;
2858, 0.3165141456491303;
2859, 0.5881508425743801;
2860, 0.1757235988665767;
2861, -0.3606206653285112;
2862, -0.3297162293043508;
2863, -0.04068514543117718;
2864, -0.09005102945007809;
2865, -0.0008792781200563831;
2866, 0.10538876263311861;
2867, 0.0989542866643162;
2868, 0.07338055678668802;
2869, -0.04173299885322144;
2870, -0.09538058302722405;
2871, -0.017202902091384708;
2872, 0.04286125238245463;
2873, -0.18082789786366507;
2874, -0.18346392476004666;
2875, 0.05794314033922635;
2876, 0.12726356724533203;
2877, 0.037275940301493685;
2878, -0.0038128912144307506;
2879, 0.01234786972306807;
2880, -0.02912440730448122;
2881, 0.34025094288987917;
2882, 0.3873112069664651;
2883, 0.41477531289251524;
2884, 0.4683173306627294;
2885, 0.5418834399306153;
2886, 0.6129275595313978;
2887, 0.6410419160112059;
2888, 0.6019613094206517;
2889, 0.5371374501377363;
2890, 0.4937342607488495;
2891, 0.4934448875029335;
2892, 0.4686098147269889;
2893, 0.44626188597670224;
2894, 0.3915775040947685;
2895, 0.25672248263669606;
2896, 0.17088010506061607;
2897, 0.15885610397809605;
2898, 0.15022210040048709;
2899, 0.11505536207589608;
2900, 0.08400001219709351;
2901, 0.09891429922060853;
2902, 0.1360221490266062;
2903, 0.11831109643729892;
2904, 0.10763512596198631;
2905, 0.07805108685474753;
2906, 0.04282585283630402;
2907, -0.03651398003721848;
2908, -0.022261944836070923;
2909, 0.012638687597214822;
2910, 0.0026634669997704094;
2911, 0.004091361825352112;
2912, -0.021100223713158377;
2913, 0.019123966698465833;
2914, 0.07175228396870259;
2915, 0.1099766154302017;
2916, 0.12705147769326441;
2917, 0.13288691971103742;
2918, 0.1316772477851575;
2919, 0.01997892868171995;
2920, 0.02893881286080562;
2921, 0.058677346620779856;
2922, 0.05797257841605131;
2923, 0.02716855132742563;
2924, -0.00942103054753676;
2925, -0.0428192339548284;
2926, -0.00027322656008868745;
2927, -0.019468284493625216;
2928, -0.022431957213043585;
2929, -0.031380869602971456;
2930, -0.036128535097458274;
2931, -0.035538528674121946;
2932, -0.03839585169016887;
2933, -0.02900176776728371;
2934, -0.029271491383662623;
2935, -0.02180383319400392;
2936, -0.06284731188787761;
2937, -0.1295916287206975;
2938, -0.14181922614980758;
2939, -0.10383046084787537;
2940, -0.0417610130033046;
2941, 0.02013372546429453;
2942, 0.06830230529822999;
2943, 0.03955008838556669;
2944, 0.08039984422409294;
2945, 0.06748862767899298;
2946, 0.03970472515122647;
2947, 0.040219529779105874;
2948, 0.03721306931997091;
2949, 0.0037958749821414687;
2950, 0.019597110978528332;
2951, 0.01234536875939977;
2952, 0.04657183762166076;
2953, 0.12245932234347234;
2954, 0.16148900327114296;
2955, 0.14143354622017246;
2956, 0.05006919192940702;
2957, -0.04628484001147982;
2958, -0.0949042249808728;
2959, -0.08924880758724119;
2960, -0.036178324975946405;
2961, -0.021521469360355604;
2962, -0.022040343789067943;
2963, 0.007236485221752531;
2964, 0.07245554711923255;
2965, 0.10076862670322549;
2966, 0.0653768687884518;
2967, -0.042151459870401406;
2968, 0.18435643868480533;
2969, 0.07350813390875639;
2970, -0.02034630737609998;
2971, -0.041531754643378944;
2972, -0.04307427070402771;
2973, -0.06110907220094678;
2974, -0.020180881218185273;
2975, -0.025555362621408288;
2976, 0.03333800123934779;
2977, 0.06504405598566629;
2978, 0.07183015513723814;
2979, 0.022854519922539503;
2980, -0.03801326019888928;
2981, -0.04645875377987508;
2982, -0.04382704957819178;
2983, -0.02680863524007195;
2984, -0.020338321077352485;
2985, -0.04252219556299392;
2986, 0.0769826102736846;
2987, 0.14023826462663005;
2988, 0.1020191644873454;
2989, 0.008171093106597197;
2990, -0.06661980297162041;
2991, -0.11281228860527662;
2992, -0.04884905176410116;
2993, 0.05977617270368244;
2994, 0.0809165142239791;
2995, 0.01607039412641689;
2996, -0.028781531899553802;
2997, -0.0591203025349169;
2998, -0.02823119400509497;
2999, 0.05660133416620459;
3000, -0.0568170520738402;
3001, -0.17576739090825852;
3002, -0.15967094255921485;
3003, -0.06303456524816986;
3004, 0.03705986711154726;
3005, 0.08493264225049131;
3006, 0.09364581503594464;
3007, 0.07917507699625087;
3008, 0.03754002416087563;
3009, -0.06497594808693205;
3010, -0.10910714170317472;
3011, -0.11654594201719953;
3012, -0.12733807022566104;
3013, -0.0417470031307645;
3014, 0.05553659224565304;
3015, 0.06701847728183631;
3016, 0.02022053296207171;
3017, 0.006323910435175791;
3018, 0.006011034285274519;
3019, -0.0014548405550337754;
3020, -0.023712050568925874;
3021, -0.04899903125424083;
3022, -0.08261613444397381;
3023, -0.07806002765998676;
3024, -0.02684736940444698;
3025, -0.028959080737513482;
3026, -0.06886763218970755;
3027, -0.08818198153029938;
3028, -0.08354793643781254;
3029, -0.04057712841869355;
3030, -0.006784509612918244;
3031, -0.015470066052576578;
3032, -0.03581672591348887;
3033, -0.06259005951985806;
3034, -0.05110313842685637;
3035, -0.08048461402395515;
3036, -0.10568652277956879;
3037, -0.08942459120364081;
3038, -0.03925218276919398;
3039, 0.02217653944454716;
3040, 0.05415461958901894;
3041, 0.05914119425379259;
3042, 0.04575079418884586;
3043, 0.017680789250421745;
3044, -0.0046812349758594066;
3045, -0.016745890425731994;
3046, 0.006589652651674704;
3047, 0.055307152607823915;
3048, 0.12609654038674464;
3049, 0.1516093687218014;
3050, 0.062465134985877246;
3051, -0.05867624440636676;
3052, -0.14458130832906785;
3053, -0.20520051616085513;
3054, -0.16868760476806766;
3055, -0.09839618011649398;
3056, -0.00607788219067968;
3057, 0.10889391077171487;
3058, 0.13004537178909065;
3059, 0.11910050016196118;
3060, 0.09380738735991141;
3061, 0.06382403107729905;
3062, 0.04791006019909069;
3063, 0.05043296185070864;
3064, 0.07736070338735947;
3065, 0.06898548856395198;
3066, 0.05420274215839487;
3067, 0.034261837076428305;
3068, 0.004733892849820405;
3069, -0.014427382967279256;
3070, -0.0013708349758146463;
3071, 0.05497119821421123;
3072, 0.08399864142282341;
3073, 0.06188906793811855;
3074, 0.03711746201087941;
3075, 0.021496090453869236;
3076, 0.040368966554534536;
3077, 0.07804414905844173;
3078, 0.10367195458227599;
3079, 0.048386614070337675;
3080, -0.04318220379155603;
3081, -0.03692016842843331;
3082, -0.06068904458460098;
3083, -0.07320844348833405;
3084, -0.0869292672923384;
3085, -0.09007345419813748;
3086, -0.019593609629392713;
3087, 0.020886908297243503;
3088, 0.05326300645878063;
3089, 0.01500850229734774;
3090, 0.006059856788777756;
3091, 0.016959305992093544;
3092, 0.0174431965829339;
3093, 0.01751094472335971;
3094, 0.008704748957938798;
3095, 0.04504281445582737;
3096, 0.04023423902627358;
3097, 0.05029883298712891;
3098, -0.026998706240863896;
3099, -0.10541173009588901;
3100, -0.19966325391430886;
3101, -0.3078196713437205;
3102, -0.3726945402144747;
3103, -0.03284654901003382;
3104, 0.5408234901250121;
3105, 0.346384587058867;
3106, -0.03364972034386516;
3107, -0.22336720292754864;
3108, -0.23179183052664504;
3109, 0.01950890417199625;
3110, 0.1321059924068617;
3111, 0.035783776976033355;
3112, -0.05617815656653608;
3113, -0.11323058177254597;
3114, -0.09351258137188823;
3115, -0.03446863376131424;
3116, 0.021475747044701593;
3117, 0.020062693620117217;
3118, 0.003955098750158793;
3119, 0.04011744905846132;
3120, 0.01592857829643027;
3121, -0.034958458965494564;
3122, -0.07182820248327788;
3123, -0.061825705156357644;
3124, -0.024162391879130385;
3125, -0.0046017317466928885;
3126, -0.006049869159595919;
3127, 0.026715707934553416;
3128, 0.04832970176064205;
3129, -0.03411350251541275;
3130, -0.015002441237075103;
3131, -0.02807775624729674;
3132, -0.060064240077293767;
3133, -0.07727621893234533;
3134, -0.08338920077733532;
3135, -0.06630426192463813;
3136, 0.00288308551552904;
3137, 0.03736057246442918;
3138, 0.06079271987939648;
3139, 0.05391950942170922;
3140, -0.009327595775788438;
3141, -0.043821006981409304;
3142, -0.08889575208523441;
3143, -0.05575080789658857;
3144, -0.06125564098090257;
3145, -0.03277029647413639;
3146, -0.0542658705097806;
3147, -0.04450608079662463;
3148, -0.012430157582251841;
3149, 0.022681138797860618;
3150, 0.057642635846737476;
3151, 0.0893062010666806;
3152, 0.06374409199786461;
3153, -0.0787581490082546;
3154, -0.07923226905579754;
3155, -0.0647803078261056;
3156, -0.023370492785796854;
3157, 0.009094879707703929;
3158, -0.049783561736497964;
3159, -0.047129362289792816;
3160, 0.060260546142765686;
3161, 0.08876845471301707;
3162, 0.08778126224867239;
3163, 0.05480948881281744;
3164, 0.006057906372816304;
3165, -0.01154559806475767;
3166, 0.03314230223105262;
3167, 0.005149285011134464;
3168, -0.07066349754845415;
3169, -0.0017283172394642779;
3170, 0.05256968561795665;
3171, 0.1006977380909719;
3172, 0.06090415543505984;
3173, -0.010058436107134234;
3174, -0.08640190525314549;
3175, -0.10558377625427873;
3176, -0.11143985262106447;
3177, 0.021002862372500857;
3178, 0.07513627244681333;
3179, 0.09141261114006989;
3180, 0.11391830202135213;
3181, 0.09215048494217053;
3182, 0.011069660762182385;
3183, -0.10307928214285925;
3184, -0.20132832502770012;
3185, -0.19095298493230936;
3186, -0.10819025037639643;
3187, -0.03752364760459574;
3188, 0.012017966878233087;
3189, 0.04900996947341651;
3190, 0.07819412295358437;
3191, 0.07948098345836334;
3192, 0.1434210682018667;
3193, 0.1607308196298568;
3194, 0.06866607242203308;
3195, -0.1781249100429385;
3196, -0.3076267558464432;
3197, -0.2133918435741781;
3198, -0.13613145848340164;
3199, -0.1024075691805296;
3200, -0.043526629010658215;
3201, 0.11465077665132771;
3202, 0.14096782985815481;
3203, 0.1202201541807734;
3204, 0.07989007285553346;
3205, -0.02724255243652189;
3206, -0.12380698368087636;
3207, -0.1242262112126482;
3208, -0.07034591992255629;
3209, 0.02105065036105495;
3210, 0.08095824171176025;
3211, 0.09689702304475765;
3212, 0.09957740148252314;
3213, 0.06636603348924631;
3214, 0.027528067931992025;
3215, 0.017682757570373665;
3216, -0.05962485377125599;
3217, 0.031842083111386796;
3218, -0.022618877671013112;
3219, -0.06797768636858145;
3220, 0.054751130196391946;
3221, 0.33229819174452035;
3222, 0.21021685061478249;
3223, -0.012450367270990689;
3224, -0.004603732517627528;
3225, -0.12300210978945159;
3226, -0.20061419639295577;
3227, -0.12166855903453402;
3228, 0.03710578804959551;
3229, 0.10833478033943783;
3230, 0.1138119858879628;
3231, 0.09235971545076051;
3232, -0.12553421521116875;
3233, -0.09448036479156777;
3234, -0.11348356515783864;
3235, -0.10062354283547903;
3236, 0.1815997836526552;
3237, 0.11957118488133334;
3238, 0.027027852818344068;
3239, -0.10072412409692202;
3240, 0.08039443945697085;
3241, -0.12148600547173924;
3242, -0.0014729489866914885;
3243, 0.07206851879531545;
3244, -0.011561288674402814;
3245, 0.13494430642053043;
3246, 0.17693195596815675;
3247, 0.11374841553181245;
3248, -0.23665155541896302;
3249, -0.36918948159583076;
3250, -0.15674624738654194;
3251, 0.021714933167340963;
3252, 0.25251841866025504;
3253, 0.33164649208653413;
3254, 0.09375059254515322;
3255, -0.0806103056320275;
3256, 0.029857863856433943;
3257, 0.0020027610750797966;
3258, 0.04578177368735006;
3259, 0.05567935698713439;
3260, 0.019793335357043758;
3261, 0.0035079915160822176;
3262, -0.0051139352604573215;
3263, -0.02047471815272445;
3264, -0.07428507757505332;
3265, -0.06951970111749714;
3266, 0.004053344268195511;
3267, 0.05497386478979134;
3268, 0.054692399512664566;
3269, 0.05757507066271425;
3270, 0.0919561930756261;
3271, 0.10653761694138242;
3272, 0.04883275353777956;
3273, -0.0756682839285305;
3274, -0.11514343851899757;
3275, -0.07924110355609337;
3276, -0.016308404180682485;
3277, 0.03600678796228558;
3278, 0.02404493163067503;
3279, -0.028412696827449256;
3280, 0.004854069469329359;
3281, 0.022879673350645932;
3282, 0.050599054932268225;
3283, 0.03740282364393148;
3284, -0.019158157725259962;
3285, -0.027851234959913665;
3286, -0.008451848378602035;
3287, 0.03532851486594905;
3288, -0.024200527378824183;
3289, 0.0030489790794948645;
3290, -0.03806543354610827;
3291, -0.06130940106927667;
3292, -0.028234246075969822;
3293, 0.0692453420460865;
3294, 0.1784386550958771;
3295, 0.17603520663065333;
3296, 0.05890115209660903;
3297, 0.012110710108349635;
3298, 0.09824354300276944;
3299, -0.029565295867219083;
3300, -0.23079974243990714;
3301, -0.2995332010060588;
3302, -0.08045739995844596;
3303, 0.18609807173742923;
3304, 0.14272390919308645;
3305, 0.05097767957066007;
3306, 0.03582582897364172;
3307, 0.03785993713852997;
3308, -0.014867970519177398;
3309, -0.0513090488642142;
3310, -0.05157821857588806;
3311, -0.027667716260132785;
3312, -0.043246149012506806;
3313, -0.021364546478913112;
3314, -0.026170255591493153;
3315, -0.034279444532052776;
3316, -0.011159602577290617;
3317, 0.019016442045720023;
3318, 0.02586648250174473;
3319, 0.006231920291658243;
3320, -0.13176079787566916;
3321, -0.22231711150669606;
3322, -0.14142811347806528;
3323, 0.06592393640715197;
3324, 0.11469799842618328;
3325, 0.10800289630615778;
3326, 0.04583523164588502;
3327, 0.005757966975026534;
3328, 0.05380155513501693;
3329, 0.022186143816433072;
3330, 0.005871752988938327;
3331, 0.07595438410118933;
3332, 0.172464138237158;
3333, 0.12750204280334976;
3334, -0.10505622958018415;
3335, -0.294128657683843;
3336, -0.21855725672372475;
3337, -0.054815433497152045;
3338, 0.07321897327272721;
3339, 0.14131541345307522;
3340, 0.17047193324295734;
3341, 0.17480723346951837;
3342, 0.14382085311899123;
3343, 0.05656130196252074;
3344, -0.06613960340031468;
3345, -0.15566574156188426;
3346, -0.05390720322576196;
3347, 0.04627366904042808;
3348, 0.05062871960647253;
3349, 0.030019438977899233;
3350, -0.00021003062113894499;
3351, 0.048003770804192145;
3352, 0.0724803049810496;
3353, 0.1284258887114249;
3354, 0.10468109062493626;
3355, 0.022671968597743522;
3356, 0.0033372792049822554;
3357, -0.04624235384210264;
3358, -0.07026388048124024;
3359, -0.02174073729360091;
3360, 0.040644425042859776;
3361, 0.058446407523749154;
3362, 0.023566383142990137;
3363, -0.01545515930201405;
3364, -0.01260250419198158;
3365, -0.012452568342818672;
3366, 0.022848717351129227;
3367, 0.04272899224787985;
3368, -0.07784539238427468;
3369, -0.2173372116733682;
3370, -0.21377702554907832;
3371, -0.09822976812010423;
3372, -0.05644201103104018;
3373, -0.009907655972920886;
3374, 0.012092401599598459;
3375, 0.005884726108530465;
3376, 0.0014075853220960057;
3377, -0.02990091735850903;
3378, -0.059401515477678045;
3379, -0.07441780209438083;
3380, -0.06231846661497449;
3381, -0.042173934973433976;
3382, -0.026033258172940853;
3383, 0.044959225200336565;
3384, 0.10376286209387;
3385, 0.0460431943281501;
3386, -0.00993353451264121;
3387, -0.029221136410475388;
3388, -0.07899632243643322;
3389, -0.09662369065530033;
3390, -0.05767911802481163;
3391, -0.022492152107491305;
3392, -0.01499668006864278;
3393, -0.0427542033044556;
3394, -0.0398859426287327;
3395, -0.010455643409131275;
3396, -0.016956120760289597;
3397, -0.015329901306210801;
3398, 0.004161527675890551;
3399, 0.02410756650332353;
3400, 0.04048735445349594;
3401, 0.000945237819684492;
3402, -0.031190847838153297;
3403, -0.028490664789433264;
3404, -0.01494659029831433;
3405, 0.0013645654459530142;
3406, 0.005620503493222402;
3407, 0.04644991704158042;
3408, 0.050161537355235396;
3409, 0.058038319631045755;
3410, 0.021924889347044542;
3411, 0.006073279746130367;
3412, 0.007034858873613521;
3413, 0.028697559946266767;
3414, 0.0769575502820284;
3415, 0.1285036927399962;
3416, 0.0854785293248201;
3417, -0.03666965243682682;
3418, -0.014420946482706521;
3419, -0.0015287414577333921;
3420, -0.04539636231757198;
3421, -0.05795289521653212;
3422, -0.0477768824850045;
3423, -0.03093808097924533;
3424, 0.03638845627905674;
3425, 0.07256317807692175;
3426, 0.08309989467138358;
3427, 0.05489511184972532;
3428, 0.024433534386753778;
3429, 0.01000820254538235;
3430, 0.05750517236493334;
3431, 0.08517017784900954;
3432, 0.046172645774220436;
3433, 0.11983944260849279;
3434, 0.13007091854548763;
3435, 0.14638573962825327;
3436, 0.13572466863000707;
3437, 0.06568362569011141;
3438, 0.04849664751974761;
3439, -0.006534727125421174;
3440, -0.15376772834252886;
3441, -0.146178847828418;
3442, -0.10651687628742629;
3443, -0.042333577023428576;
3444, 0.0564323904336629;
3445, 0.12101353594831744;
3446, 0.09376584450703195;
3447, 0.05020775203062724;
3448, 0.016191698137825533;
3449, 0.02145993222612259;
3450, 0.021803040942425776;
3451, -0.04070370403629519;
3452, -0.11756260892584981;
3453, -0.13641854337553613;
3454, -0.056481729914890866;
3455, 0.023182038179644218;
3456, 0.01306281746537627;
3457, 0.030649764068766877;
3458, 0.06308155483064909;
3459, -0.015943118574687935;
3460, 0.017359874768300684;
3461, 0.07721810369829024;
3462, 0.10642789904980444;
3463, 0.11763142179420867;
3464, 0.13921665174061337;
3465, 0.0776603378578116;
3466, -0.028006939810504724;
3467, -0.05302282778366977;
3468, 0.011033711227824615;
3469, 0.07530968378447613;
3470, 0.10590201968482207;
3471, 0.11557593738370274;
3472, 0.028809678651066362;
3473, -0.01277144904352267;
3474, -0.03974007490190362;
3475, -0.057214836779529786;
3476, -0.06172872707299605;
3477, -0.07391223816358099;
3478, -0.04333540599997969;
3479, 0.08497869467096955;
3480, 0.08498823414089003;
3481, 0.108759211218439;
3482, 0.008511809402174289;
3483, 0.033508588222514485;
3484, 0.059134225125503474;
3485, 0.07460859149279025;
3486, 0.06004973225001882;
3487, 0.007338099319645564;
3488, -0.09541509856384539;
3489, -0.056159749026337635;
3490, 0.04925581588050944;
3491, 0.02463764603256943;
3492, 0.00242685737325912;
3493, 0.02052470721310653;
3494, -0.019425097830621033;
3495, -0.06644057619405419;
3496, -0.08747160154355897;
3497, -0.0987414194076627;
3498, -0.08857374322169609;
3499, -0.08395193998269077;
3500, -0.05322448770179091;
3501, -0.02351275789404424;
3502, 0.014104299864312931;
3503, 0.020679912430463628;
3504, -0.05242701878892317;
3505, -0.06791345860028114;
3506, -0.10604451866394493;
3507, -0.11108498993501997;
3508, -0.036020618794921;
3509, 0.06303860203852038;
3510, 0.10468648979706134;
3511, 0.07526919838603359;
3512, -0.009047057589668011;
3513, -0.008765460270611543;
3514, 0.019778161725123335;
3515, 0.056801310549722164;
3516, 0.10721499763569414;
3517, 0.1865981693561398;
3518, 0.3017595622205771;
3519, -0.044220450603715565;
3520, -0.23678656829207204;
3521, -0.20811279603513894;
3522, -0.04251916307460864;
3523, 0.03978384512309707;
3524, 0.12636403159931228;
3525, 0.12916236376427034;
3526, 0.07479171015028413;
3527, 0.049803037921127384;
3528, 0.018415196951868003;
3529, -0.01348021095712467;
3530, -0.05372185216445677;
3531, -0.06703201717462666;
3532, -0.041853755673921446;
3533, -0.06798769302075316;
3534, 0.007784439087980797;
3535, 0.051384100154251273;
3536, 0.011627252570278686;
3537, -0.023454931361835425;
3538, 0.005260703502056902;
3539, 0.05887157134736005;
3540, 0.09777082170448172;
3541, 0.09951763012934989;
3542, 0.05182994308685106;
3543, 0.02433620605657868;
3544, 0.07057995864793652;
3545, -0.05698139671883078;
3546, -0.1074763175665478;
3547, 0.09821614430235856;
3548, 0.12240924712013614;
3549, 0.07157738995682929;
3550, -0.08652984045502321;
3551, -0.11926728142815432;
3552, -0.06824447820652146;
3553, -0.11053596966235954;
3554, -0.11429851563889788;
3555, 0.016592019055664653;
3556, 0.07731044352912159;
3557, 0.03509025471531662;
3558, -0.11879249557596591;
3559, -0.1234164361038332;
3560, 0.11191376005872061;
3561, 0.2152370344266601;
3562, -0.12154669440442391;
3563, -0.1912542587368886;
3564, 0.06351415440530063;
3565, 0.08711194954006467;
3566, 0.0380176768895375;
3567, -0.043056142913680304;
3568, -0.09232616784862377;
3569, -0.03838404624645497;
3570, 0.11187575324395829;
3571, 0.14327329873555025;
3572, 0.0659614877891568;
3573, -0.09859287223676036;
3574, -0.1804568544462364;
3575, -0.14476972544874042;
3576, -0.01650091012417788;
3577, 0.04582089166852071;
3578, 0.029074267738679285;
3579, -0.007113928490510927;
3580, -0.02158213031805516;
3581, -0.015701673192251568;
3582, -0.02887605098172475;
3583, -0.012520217451797213;
3584, -0.10842129577837054;
3585, -0.04879628534719796;
3586, 0.03274099939123635;
3587, 0.06846331532499617;
3588, 0.055675921658963616;
3589, 0.012619845885247562;
3590, -0.03519503781952223;
3591, -0.07649916896110501;
3592, -0.012204453164433802;
3593, -0.020793498702981777;
3594, -0.008366342277131896;
3595, -0.044696170820406445;
3596, -0.08468462722255313;
3597, -0.028181921663831263;
3598, 0.04175220647799385;
3599, 0.06973896905074245;
3600, 0.10648002204205026;
